
running 0 tests

test result: ok. 0 passed; 0 failed; 0 ignored; 0 measured; 0 filtered out


running 4 tests
test test1 ... ok
test test2 ... ok
test test3 ... ok
test test4 ... FAILED

failures:

---- test4 stdout ----
17595 0
45408 0
24290 0
47096 0
69315 0
76769 0
25160 0
29966 44952
3929 0
114 0
20077 21276
48750 0
30116 0
72075 0
10295 0
24275 0
55523 59808
89099 89880
40048 0
50416 0
82209 0
11088 0
58828 0
66678 0
12811 13392
45689 0
12917 0
65685 0
74470 0
63698 95550
48324 0
5412 0
8237 0
34089 0
11036 0
28929 38576
77346 0
13322 19986
69978 0
51168 0
70563 0
14447 0
49173 0
39437 39900
44546 66822
48656 0
52345 0
23276 0
6304 0
49450 0
31339 0
21733 22048
97773 0
63396 0
25189 0
16131 0
16176 0
67381 68992
18419 18696
35606 0
21778 32670
91374 0
46108 0
14870 0
68523 0
616 0
27722 0
48518 0
74784 0
80450 0
49762 0
1233 0
92482 0
39984 0
475 0
70676 0
63860 0
48497 0
93042 0
33234 0
96710 0
95201 0
38527 39240
19272 0
97535 117048
18704 0
70301 0
40104 0
584 0
27754 41634
32878 0
60441 80592
11634 0
20879 0
66646 0
70481 0
66787 0
27928 0
35714 0
22571 0
79399 0
57972 0
80139 106856
98948 0
16053 21408
52159 53416
94439 0
81086 121632
58090 0
88225 0
95529 0
15859 0
34567 37240
83623 88560
15733 0
98296 0
1614 0
86232 0
57223 0
2694 0
3941 4512
61931 65592
59286 0
6962 0
41068 0
76713 0
18773 0
17966 0
35677 0
11464 0
33713 0
72637 76480
9059 0
34910 0
74297 0
59606 89412
19867 0
23162 0
17238 0
16596 0
57756 0
60059 0
92444 0
16958 0
43359 0
86132 0
19154 0
31371 41832
12518 0
13214 19824
11564 0
24617 24960
4695 0
44294 66444
37075 0
64867 70776
47462 0
73655 88392
11512 0
70140 0
59849 60564
10337 0
99322 0
487 0
46833 0
44881 46132
78800 0
39479 0
35501 35904
77083 81160
65312 0
11489 0
55333 0
48890 0
89137 0
47495 0
93528 0
28839 38456
36588 0
2314 0
84501 0
5580 0
58859 59760
45341 0
54247 57456
56766 0
21616 0
51392 0
15731 0
89577 0
63383 63888
88453 89100
53586 0
44172 0
63408 0
44387 0
51435 0
13122 0
2628 0
3209 0
62293 0
39566 0
56610 0
41150 0
954 0
55238 0
24874 37314
43249 44020
74083 77328
15165 0
3004 0
95584 0
24719 26040
61704 0
54093 0
12975 0
90625 0
18513 0
35476 0
82630 0
1974 0
16710 0
13852 0
40469 0
98838 0
15642 0
60253 61020
67303 0
47954 71934
51085 0
78309 0
12666 0
53580 0
70628 0
35737 38500
11284 0
10948 0
45627 0
23918 35880
18347 20976
60938 91410
3011 0
21013 0
90907 0
33837 45120
83178 0
23975 0
47719 0
78716 0
69759 0
65165 78204
61527 82040
74210 0
57269 0
46421 47244
72074 108114
5551 0
82488 0
3236 0
61174 0
97295 0
20673 0
2845 3420
64284 0
91728 0
3796 0
27187 28096
6307 0
80317 0
49256 0
38661 0
81788 0
82174 0
42577 0
155 192
75010 0
62381 0
63160 0
54186 0
18416 0
42132 0
43516 0
60626 90942
95653 98028
8018 0
95560 0
68577 91440
80014 0
32996 0
83566 0
35978 53970
32835 0
95468 0
97647 0
13188 0
63376 0
49641 66192
74799 0
34718 52080
74187 0
46362 0
66188 0
20536 0
13772 0
77979 0
70629 0
36479 0
55867 0
72276 0
63870 0
31354 0
28446 0
51342 0
41536 0
82492 0
24260 0
51912 0
79334 119004
577 0
2865 0
78472 0
31815 0
86987 89376
71749 72364
72948 0
49471 50344
42124 0
49202 0
95772 0
96353 0
731 792
3737 3876
76791 0
31893 42528
76017 101360
15579 0
49302 0
80759 0
16488 0
15332 0
62283 0
87593 95568
50484 0
81146 0
85562 0
22640 0
44896 0
91706 137562
96033 0
68810 0
73637 0
43386 0
24551 0
48761 0
77075 0
64007 0
33843 0
57380 0
59379 79176
95174 0
23858 0
77007 0
41427 0
19822 0
92354 0
30036 0
74544 0
63023 0
20040 0
79132 0
37884 0
53591 0
3025 0
34380 0
3949 4320
96735 0
12902 19356
62543 0
58311 0
93473 94128
27058 0
20355 0
21554 0
31201 32004
11081 12672
42376 0
12513 0
27852 0
7503 0
34457 0
65077 66240
46178 0
170 0
30037 0
97050 0
87351 0
98396 0
23005 0
51959 52416
68267 71880
79835 0
77793 103728
73869 98496
37011 0
64195 0
82897 87280
12902 19356
39605 0
51433 54160
59137 63700
75 0
32580 0
28339 30024
49270 0
87369 116496
95616 0
70168 0
28935 0
739 0
6710 0
77883 0
25620 0
92454 0
75062 0
94894 0
93059 0
93544 0
37193 40068
74444 0
93266 139902
63556 0
44454 0
78516 0
632 0
31991 0
56332 0
6020 0
19738 0
45348 0
3479 0
91896 0
57795 0
3171 0
13766 20652
13648 0
40269 0
10232 0
93794 0
20728 0
51795 0
16539 0
3452 0
88442 132666
50416 0
4511 4872
53579 54120
70544 0
56624 0
15237 0
8021 8652
53020 0
21603 0
72758 0
15064 0
22880 0
93994 140994
70210 0
97474 0
96353 0
14842 0
12421 0
65945 0
16611 0
37635 0
31745 0
15419 16344
49954 74934
8522 12786
47140 0
41519 0
40807 0
79041 105392
49131 0
93630 0
17319 0
93054 0
1197 0
87002 0
86612 0
84070 0
80743 86968
88279 90376
47044 0
76457 77316
48670 0
22086 0
9512 0
12948 0
88082 132126
80673 107568
62158 93240
54023 54720
10822 0
48138 0
67507 0
35947 36400
53385 0
95762 143646
90629 0
27041 30912
79869 0
18126 0
64859 65760
96369 0
39581 0
69113 0
78663 0
37990 0
86778 0
64337 0
52517 0
48811 0
54413 0
30897 0
2267 0
51202 76806
25345 0
44790 0
98079 130776
30887 31416
3034 0
20950 0
32450 0
68502 0
10232 0
36272 0
47819 0
15149 0
82788 0
50785 0
47971 0
43258 0
15523 0
21593 0
33410 0
15839 16224
28917 0
41775 0
89202 0
25853 26208
80875 0
6219 0
26291 26784
63781 0
11868 0
71908 0
28158 0
66236 0
36172 0
50801 52212
86485 0
38219 0
57202 0
10080 0
54236 0
41326 61992
59885 0
74893 0
72660 0
49068 0
75839 76440
82593 0
41317 41920
92721 0
8228 0
98324 0
99326 148992
78766 118152
65453 0
79727 81096
2254 0
81331 0
69607 71136
10670 0
13521 18032
69551 70152
72664 0
6843 9128
11508 0
29230 0
92343 123128
2303 0
89293 0
45779 0
70393 0
46465 55764
17955 0
19372 0
52339 59824
44265 0
32756 0
91473 121968
65119 0
92294 138444
19147 19656
44850 0
75634 0
83086 124632
1226 1842
8392 0
44639 0
9186 0
92309 105504
21408 0
34344 0
51062 0
59145 0
23495 0
53466 0
97056 0
40625 0
86589 0
76461 0
13777 14400
62220 0
83864 0
68956 0
1250 0
64124 0
44465 53364
91644 0
38992 0
54738 0
72958 109440
10344 0
16327 16920
89157 0
78552 0
32047 32560
34303 0
93909 0
78410 0
2994 0
46995 0
67733 0
30605 36732
30913 32560
75343 76680
18743 0
78604 0
69639 0
28016 0
19062 0
17379 0
92042 138066
6469 0
10142 0
95897 101556
28699 31320
23341 24732
73418 110130
76050 0
31639 32760
60838 0
96627 0
63775 0
73040 0
57801 77072
3875 0
38500 0
57301 0
5425 0
12341 0
72257 76080
71738 107610
430 0
9893 10668
16439 17424
78140 0
70311 0
44734 67104
3732 0
85815 0
48543 0
71831 72600
62065 74484
44511 0
35769 47696
94547 0
99285 0
54072 0
16476 0
55665 0
4101 5472
94760 0
53376 0
51060 0
44170 0
91933 92700
54930 0
91130 0
3550 0
39041 0
88855 0
79325 0
43079 44976
42891 0
64052 0
91756 0
72200 0
68538 0
56253 0
38969 0
39055 0
96352 0
65922 0
70048 0
71232 0
4993 0
74249 84864
94107 0
98759 100440
35974 53964
54373 59328
89915 0
23261 26592
38141 39072
11538 0
43703 0
18732 0
96624 0
55434 0
82888 0
91844 0
83331 0
65412 0
20673 0
75323 0
37652 0
32047 32560
11471 0
95830 0
81943 0
47589 0
30319 0
33970 0
69478 104220
44879 0
97084 0
99695 0
45541 0
71847 0
47028 0
57821 58752
59056 0
84017 0
4079 0
95020 0
21162 0
10203 0
21751 0
32093 32640
70098 0
11912 0
9586 14382
23283 0
49819 0
74102 0
31165 0
85148 0
69189 92256
51306 0
44099 0
78786 0
42240 0
79458 0
12718 19080
77137 0
15909 21216
31897 32256
20559 0
44734 67104
41603 0
93675 0
77768 0
92095 0
2932 0
53910 0
1490 0
96191 98472
5703 7608
12191 12432
40718 61080
66052 0
62778 0
2615 3144
29934 0
43972 0
79282 0
38948 0
20774 0
40185 0
91266 0
82630 0
7778 11670
97199 0
24035 0
26417 0
52790 0
98415 0
67035 0
3845 4620
41973 0
46382 0
97465 0
86246 0
3546 0
74756 0
22443 29928
45750 0
31691 0
31809 0
63170 0
90848 0
54336 0
96189 128256
64266 0
13610 0
33703 0
85170 0
571 0
42012 0
89592 0
6721 0
90406 0
3894 0
18864 0
33778 50670
97009 105840
50393 0
92226 0
70707 0
20961 0
84816 0
86393 90960
98647 102960
13981 0
42289 45556
27668 0
58063 59968
66335 79608
5305 6372
78301 0
18739 21424
55092 0
16721 17472
79287 0
96671 0
74325 0
71096 0
7304 0
86115 0
38051 40992
9098 13650
86099 0
38653 0
84697 0
32009 0
73399 75960
67370 0
30767 33576
74956 0
43112 0
92405 110892
83453 88380
28007 32016
7653 10208
60387 80520
18433 0
34561 0
14370 0
46301 0
84605 101532
35506 0
34993 40000
49074 0
34901 36972
59813 0
39113 0
96232 0
4806 0
2316 0
43272 0
20052 0
26609 0
23277 31040
82346 0
42870 0
49471 50344
22782 0
84593 87540
76509 0
56880 0
97743 0
723 968
32770 0
92543 0
24576 0
50976 0
74497 0
33736 0
63860 0
15866 23802
45736 0
6979 7984
35602 0
45544 0
57857 59136
82496 0
75577 0
82517 0
36479 0
24008 0
32799 0
22648 0
7881 0
86709 0
85378 128070
66488 0
45486 0
27808 0
77881 82000
73633 0
9303 0
818 1230
35039 36024
68746 0
79451 0
57850 0
7528 0
75572 0
66728 0
41499 0
32169 42896
48107 48840
99591 0
45700 0
64553 0
92165 110604
98467 0
24256 0
42452 0
49648 0
61426 92142
845 0
63278 0
7373 7548
63936 0
76867 0
3490 0
87955 0
73659 0
44775 0
33758 50640
89286 0
55623 74168
49211 0
77760 0
59288 0
21552 0
16662 0
77088 0
29476 0
3693 4928
43297 44820
40696 0
41453 0
15311 15624
58037 66336
58744 0
14837 15276
2887 0
11420 0
32392 0
79851 0
14128 0
74010 0
29589 0
62305 0
44211 58952
50018 0
98727 131640
87758 0
76132 0
65623 66240
82302 0
83397 111200
60065 0
79458 0
22112 0
16618 0
3918 0
79399 0
82525 0
85678 128520
31018 0
80364 0
64935 0
45700 0
13211 14424
87299 0
34757 0
86455 103752
87141 0
1447 0
53486 0
31085 37308
37225 0
64567 0
69634 0
68930 0
3890 0
20274 0
61431 81912
30081 0
22958 0
84949 0
930 0
78466 117702
61206 0
89357 94080
86903 0
99508 0
74895 0
73375 0
16938 0
21470 0
21286 0
63424 0
81672 0
98704 0
32851 0
46946 70422
28825 0
30871 0
49921 0
68100 0
82207 0
78249 104336
41068 0
77691 0
43744 0
93508 0
72266 0
37127 37536
74072 0
73006 0
28842 0
74992 0
70207 0
45623 46728
79853 81600
66415 0
51338 0
82199 88536
1310 0
10677 14240
25786 38682
52662 0
70070 0
5848 0
27148 0
78440 0
23503 24760
48114 0
58493 60540
41298 0
33788 0
90162 0
24744 0
41155 49392
9522 0
41418 0
31440 0
88157 88800
68115 0
81119 0
95078 0
93939 0
70949 0
61378 92070
92733 123648
77749 0
96035 115248
94909 95904
46434 0
65476 0
59178 0
15519 0
26061 0
88798 0
58786 0
68205 0
85137 0
94524 0
21908 0
46145 0
77979 0
15709 16416
87133 0
74014 0
53694 0
57789 0
40647 0
87184 0
16586 24882
51497 53760
93226 0
51735 0
12054 0
69903 0
5846 0
55300 0
97124 0
96760 0
57197 65376
70599 0
74615 89544
96604 0
27775 0
9368 0
14388 0
65582 0
96321 0
99326 148992
61819 0
3535 0
12436 0
84116 0
40580 0
93447 0
57870 0
53584 0
70115 0
82344 0
3998 6000
45651 60872
97143 129528
43629 58176
20977 22896
31251 0
5097 6800
40720 0
85590 0
31203 0
20096 0
49894 0
59368 0
84334 0
58469 59520
95285 0
96980 0
80968 0
24017 0
27769 31744
22927 23256
35253 0
38836 0
33993 0
81254 121884
56522 0
63701 69504
44570 0
12708 0
9189 0
44333 45408
34003 34960
44836 0
95629 0
62962 94446
21581 24672
31717 0
78483 104648
70592 0
50454 0
4726 0
79219 90544
7322 0
98709 0
33367 33976
12073 0
58582 0
93073 93808
94456 0
90019 0
22553 23760
23762 0
61378 92070
28559 0
89649 0
70381 0
53373 71168
5727 0
42140 0
49998 0
1068 0
34094 51144
72370 0
5068 0
34355 41232
33332 0
58492 0
91716 0
15503 15960
93046 139572
7842 0
94536 0
24410 0
69935 0
14189 16224
23356 0
65606 98412
19199 19536
6363 0
15764 0
62358 0
55737 0
4914 0
30688 0
7606 11412
12906 0
14592 0
99332 0
75730 0
18504 0
75210 0
71568 0
10457 0
63359 67104
54716 0
5908 0
23749 0
69728 0
52330 0
75888 0
30990 0
79464 0
43466 0
61362 0
25333 0
2122 3186
14860 0
52173 0
93530 0
62945 75540
11826 0
51312 0
86684 0
2103 2808
82738 0
70987 81136
32326 0
91127 0
83773 0
49341 65792
88674 0
64515 0
78796 0
9005 10812
60221 0
97802 0
35632 0
87975 0
71347 0
45031 0
14233 14608
38608 0
94902 0
91408 0
20200 0
57814 0
35996 0
70426 0
40538 60810
2712 0
48901 49600
32615 0
42946 0
55284 0
35752 0
66449 0
44884 0
21850 0
80 0
77548 0
2525 0
171 0
58355 0
79398 0
7898 0
90370 0
88242 0
90808 0
7370 0
4213 4608
77128 0
96270 0
74521 0
43058 64590
55043 57960
70155 0
79784 0
48496 0
46438 0
12246 0
48639 0
60001 62100
28032 0
63343 72400
81813 109088
35577 0
50487 67320
62932 0
72896 0
72289 0
21867 0
9914 14874
8237 0
41689 42624
47079 0
86038 129060
8609 0
26171 0
47756 0
16410 0
8212 0
35175 0
15389 16800
76974 0
13594 0
39127 42696
77369 0
52962 0
35404 0
3386 5082
22507 22896
99416 0
96620 0
95356 0
21818 32730
34441 0
46613 53280
51207 0
43571 0
87678 0
6563 0
16311 21752
27153 0
55035 0
43235 51888
92504 0
78284 0
75499 76336
13904 0
21690 0
99722 0
34951 39952
17858 26790
51291 0
20649 27536
80844 0
65444 0
53564 0
47852 0
83491 86400
38076 0
30547 33336
4516 0
40036 0
87417 0
61290 0
90225 0
61612 0
43697 44916
85246 0
8705 10452
75199 75880
34715 0
15162 0
80577 0
23143 0
86876 0
55665 0
50727 0
41070 0
90533 0
63904 0
64435 0
85326 0
12924 0
11697 0
7340 0
18539 0
82476 0
999 0
11972 0
19454 0
33742 50616
67446 0
51040 0
15584 0
274 414
46824 0
3356 0
16784 0
87523 0
9022 0
81620 0
64159 65016
45022 67536
15474 0
55736 0
82619 0
27904 0
15753 0
10916 0
90247 0
76514 0
20332 0
91479 121976
44457 0
89066 133602
524 0
69654 0
50310 0
73392 0
3060 0
96580 0
3751 0
37332 0
26105 0
44956 0
14624 0
63034 94554
69627 92840
31096 0
64131 85512
63427 0
35106 0
13283 13680
27805 0
17768 0
48251 0
32586 0
92910 0
17708 0
80275 0
25576 0
40237 0
726 0
51561 0
31044 0
68690 0
7985 9588
25305 0
77226 0
75734 0
9938 14910
38229 50976
90743 91728
69336 0
4251 0
79318 118980
69374 104064
92984 0
94786 0
52870 0
72890 0
2589 3456
58040 0
74100 0
14695 17640
87604 0
81906 0
54299 62064
7287 0
55155 0
81417 0
65059 0
48488 0
20496 0
92681 0
18497 18900
43674 0
20544 0
50244 0
84087 0
56835 0
25487 0
45616 0
14494 21744
44959 0
84282 0
36389 0
1387 1480
25494 0
46018 0
20777 21120
70075 0
42598 0
42747 57000
33710 0
50093 0
20908 0
28209 37616
72031 0
37730 0
65993 0
81365 97644
91808 0
58356 0
63807 85080
73837 75456
85702 0
52529 0
65024 0
79408 0
19916 0
92184 0
71453 0
52248 0
76345 91620
72637 76480
85094 0
20930 0
3379 3520
31608 0
41143 0
44642 0
35391 0
24434 0
54525 0
95248 0
54792 0
66750 0
7777 0
8127 0
77055 0
4699 4864
47096 0
35225 0
64799 74064
4822 7236
77102 0
94792 0
58146 0
55759 0
8010 0
18488 0
83785 0
27869 0
96695 0
73009 0
4070 0
54152 0
86998 130500
76404 0
18655 0
27441 0
84256 0
81402 0
77853 103808
44034 0
78828 0
48917 53376
47603 48048
97940 0
91123 91728
9319 0
95556 0
57404 0
22390 0
8211 0
28920 0
65455 0
46238 0
34461 0
61248 0
53523 0
81205 0
46155 0
49604 0
65558 98340
64011 0
94031 0
86268 0
27026 40542
5614 0
95836 0
65105 0
6406 9612
84701 0
25678 0
83131 84600
9484 0
18927 0
65282 0
17953 19348
47699 0
80512 0
69832 0
50619 0
3699 0
14711 15072
94344 0
35663 37560
45559 47160
22360 0
5978 0
75351 100472
57591 0
98945 0
17664 0
64567 0
58339 58824
62261 64992
11350 0
49272 0
25080 0
2189 2400
36675 0
41628 0
81319 92944
93474 0
78397 85536
22468 0
25870 0
55410 0
57874 0
78506 0
90478 0
12919 0
96635 0
95371 95992
86678 0
13973 14220
42594 0
61596 0
91550 0
46776 0
72126 0
35628 0
94777 0
65146 97722
64439 0
3036 0
4105 4932
41519 0
10734 0
55505 0
74581 80332
4351 4600
1183 0
35211 0
32942 0
56995 68400
57501 0
13292 0
11885 14268
16391 16872
85920 0
98769 0
89536 0
58855 0
98043 0
11686 17532
11447 0
46657 0
53009 0
81305 0
22461 29952
62186 0
68932 0
66550 0
25387 25920
7118 10680
7808 0
71274 0
1101 1472
7676 0
20287 0
39311 41400
14564 0
5222 0
66487 70416
87228 0
68541 0
32207 0
46881 0
80878 0
72693 0
45469 46620
67598 0
62607 0
60907 0
70828 0
66278 0
69953 75348
61022 0
63046 0
77181 0
43771 0
78367 0
5130 0
11707 12240
20133 0
72258 0
27104 0
43768 0
17193 0
51332 0
30711 0
43837 44640
98744 0
13437 0
81905 98292
12433 0
14632 0
89667 0
43941 0
30103 0
70630 0
30241 0
21164 0
25737 0
72476 0
7493 7680
31958 0
91188 0
30420 0
38849 39636
39174 0
41100 0
67157 0
1253 1440
67541 0
30790 0
54124 0
65769 0
27931 0
29043 0
98742 0
75460 0
77854 0
75749 76320
52789 57600
3537 0
36086 54132
32953 34048
85915 103104
21110 0
84698 127050
84226 0
98508 0
27855 0
62049 0
398 600
54024 0
98866 148302
74979 0
5838 0
97546 0
16049 17520
69279 0
58496 0
73497 98000
45951 0
3219 0
45874 68814
5061 0
24423 0
72390 0
13039 0
88609 0
1479 0
82205 0
20017 20596
24342 0
43190 0
76901 83904
22329 0
98958 0
31609 32116
3863 0
92735 0
61159 69904
33054 0
8449 0
10255 0
27825 0
48887 0
83768 0
79327 82800
14584 0
51001 0
64750 0
83511 0
7315 0
62032 0
90961 97972
21765 0
52433 0
37214 0
22802 0
7302 0
8094 0
49352 0
83795 100560
83571 0
97888 0
4591 0
17595 0
40431 53912
45716 0
14887 0
38033 38628
58427 0
60214 0
14835 0
82205 0
14300 0
70689 94256
90045 0
82635 0
7425 0
66492 0
24266 0
37635 0
65463 87288
60260 0
88688 0
14062 0
53200 0
90675 0
92556 0
44680 0
75901 0
49912 0
12246 0
21886 0
52634 78954
77552 0
79768 0
63987 0
69983 71520
31720 0
27504 0
6148 0
18477 0
46781 0
50347 0
92612 0
54815 0
5867 0
35634 0
24468 0
80125 0
17616 0
29606 0
96316 0
80328 0
84312 0
1495 0
52549 60064
58520 0
57762 0
734 1104
52913 60480
8234 0
24619 28144
3132 0
54346 0
82476 0
85688 0
58232 0
50520 0
81363 0
12085 14508
68269 68796
44560 0
50487 67320
21248 0
67616 0
18260 0
8940 0
7303 7480
6598 9900
81028 0
21552 0
85999 0
72539 0
78927 105240
34148 0
27840 0
31209 0
66245 79500
5634 0
78930 0
20931 27912
21082 0
63254 94884
76717 0
49389 0
15209 15504
92423 95640
65433 0
64794 0
92773 93708
13051 13504
68388 0
34763 0
62103 0
27669 0
70005 0
52884 0
95599 0
4173 0
79250 0
49995 0
30272 0
34407 0
5510 0
90346 0
19759 0
65401 74752
11228 0
65018 0
94998 0
35583 0
41375 0
13797 0
22499 22800
80888 0
36063 0
94026 0
93779 107184
12324 0
13323 17768
58832 0
86964 0
38853 0
17073 0
12774 0
43508 0
94738 0
34352 0
29722 0
91468 0
46439 0
24152 0
35500 0
88112 0
70228 0
70030 0
88263 0
5725 0
35872 0
70647 94200
85938 0
82367 85056
27410 0
62142 0
16066 0
81362 0
68098 0
65816 0
24517 0
48998 73500
53366 80052
88251 0
16887 0
5327 6096
35950 0
7481 0
99938 0
64673 73920
90438 0
17374 0
24787 28336
58736 0
10046 15072
21615 0
59308 0
91907 93240
69307 79216
73118 109680
94875 0
38381 43872
23346 0
51680 0
30394 0
28792 0
73380 0
44494 66744
46396 0
90411 120552
7311 9752
70840 0
8179 0
63570 0
75613 76608
84575 0
61338 0
828 0
29352 0
16935 0
59220 0
29407 33616
10194 0
10205 0
43719 0
3973 4140
83416 0
54072 0
11127 14840
32545 0
3655 0
86046 0
1774 2664
65013 0
37214 0
49165 59004
31760 0
55238 0
21163 0
89068 0
96997 0
97209 0
848 0
49064 0
74513 75060
11383 0
10940 0
21484 0
38609 0
31035 0
5987 0
94286 141432
71243 71808
32032 0
631 0
73529 0
82879 84184
64586 0
36601 38772
65911 69400
83733 0
69746 0
66715 0
2754 0
32149 34636
17506 26262
47424 0
12826 0
24459 0
41663 42408
41620 0
70853 0
601 0
66838 0
59525 0
5334 0
44863 0
45482 68226
57094 85644
17883 0
62733 0
66518 0
58522 0
49680 0
34354 0
57540 0
77638 0
36850 0
57406 86112
55522 0
75241 76432
47200 0
17612 0
93 128
67844 0
83490 0
83767 84376
42003 0
93198 0
60294 0
57532 0
46775 0
94645 0
63948 0
32272 0
63198 0
78742 118116
99763 101320
10126 0
64723 65880
60823 69520
8438 12660
84673 0
99055 0
87650 0
64819 66096
31482 0
92338 0
45818 0
44238 0
53752 0
44903 45528
86385 0
71373 0
62920 0
18012 0
90582 0
15587 0
78467 0
96109 103516
36786 0
5297 0
20835 0
51706 0
47384 0
19838 0
38434 0
70152 0
20812 0
91421 99744
62789 64524
32470 0
57229 57760
80780 0
60898 91350
6144 0
47480 0
1545 0
29098 43650
39988 0
54553 57780
6189 8256
44012 0
94634 141954
24916 0
17781 23712
48921 0
24893 0
93958 0
10599 14136
63462 0
45828 0
87579 0
69472 0
28547 0
68986 0
21167 21576
8106 0
63585 0
42401 42900
50841 0
20580 0
66078 0
93060 0
94682 0
74858 0
81989 82656
75891 0
17351 0
60297 0
27971 28392
35367 47160
22282 0
92530 0
26826 0
90206 0
70766 0
63277 0
59161 60112
63869 0
92042 138066
46146 0
52184 0
81357 0
72937 0
6502 9756
21658 0
28978 43470
71242 0
55892 0
68762 103146
11914 0
81331 0
40654 60984
29588 0
44833 45360
67371 0
49125 0
63374 95064
11355 0
76572 0
92746 0
13940 0
5855 7032
27981 0
20295 0
19580 0
91121 0
92917 101376
96524 0
30181 0
85310 0
7748 0
16853 17760
61133 61788
17723 18240
68007 90680
76273 77220
44220 0
57290 0
5849 0
26270 0
17085 0
70427 80496
42240 0
45433 0
39800 0
91914 0
40200 0
32041 0
15463 0
85333 0
7918 0
85044 0
38879 41184
90457 0
82761 0
70093 72540
85439 0
8420 0
66023 66768
29821 32544
64035 0
60068 0
46552 0
40587 0
17723 18240
4746 0
42029 0
22739 0
9583 0
22279 0
9009 0
74222 0
67683 0
2593 0
44999 47664
81386 122082
93027 0
69435 0
25020 0
17644 0
37577 38340
36964 0
63271 0
62301 0
52935 0
62522 0
7052 0
33723 0
27808 0
38355 0
58804 0
76745 92100
7720 0
35403 47208
12008 0
65849 0
27938 0
50562 0
36698 0
37599 0
93476 0
45261 0
57984 0
12639 0
211 0
76608 0
22648 0
67461 0
16416 0
58133 59148
35630 0
61600 0
25988 0
30730 0
10265 12324
27359 27720
77884 0
27846 0
74028 0
14307 0
29954 0
97518 0
26298 0
96867 0
66700 0
61902 0
22219 23544
26273 0
45756 0
90270 0
60639 0
31334 47004
2878 4320
49893 66528
18957 0
82421 0
60204 0
45556 0
11901 15872
33810 0
99280 0
76201 76804
4398 0
4296 0
79685 95628
15746 23622
82869 0
82608 0
6489 0
66982 0
27640 0
13348 0
17022 0
36270 0
28704 0
25819 0
90072 0
7300 0
5581 0
7407 0
30306 0
84319 0
69229 69984
8031 10712
8450 0
11005 0
39711 0
12835 0
72558 0
22004 0
9613 0
32748 0
32474 0
48268 0
75186 0
81400 0
19643 21168
83808 0
79482 0
89632 0
31110 0
8637 11520
33502 0
92346 0
36800 0
11172 0
71337 0
6683 6888
17277 0
18893 21600
2430 0
75750 0
6424 0
65300 0
960 0
73587 0
92439 0
7333 0
62524 0
39575 0
20067 26760
38929 42480
73530 0
79416 0
75476 0
2955 0
54414 0
47475 0
71433 0
86470 0
95623 104328
8183 0
15799 0
27710 0
44121 0
3069 0
39910 0
37919 43344
61669 62496
33629 0
41644 0
96939 0
79794 0
5664 0
55536 0
85021 0
82348 0
94051 94792
45344 0
12231 0
84939 0
4843 5040
13700 0
30591 0
19437 0
86329 87120
3041 0
12620 0
61252 0
66596 0
7475 0
59778 0
89054 0
75421 76000
6799 7336
55563 74088
78244 0
40657 41140
67067 0
82 126
74918 0
91832 0
52293 69728
63368 0
75995 91200
55770 0
30479 31560
18516 0
15301 0
8291 0
83456 0
60362 90546
88303 88920
20465 24564
36997 0
23179 24976
71656 0
57862 0
68687 0
38557 0
15806 0
37496 0
89409 119216
46787 0
19532 0
23970 0
34028 0
31037 31836
78610 0
66697 0
98795 118560
60663 0
49164 0
34754 52134
18580 0
69714 0
91551 122072
11226 0
921 1232
18358 0
5365 0
53251 0
13302 0
23112 0
28690 0
7010 0
45608 0
32835 0
80325 0
80113 87408
11721 15632
94333 0
53646 0
28126 0
97841 0
12844 0
40294 60444
35868 0
54434 0
78534 0
58442 87666
48073 0
68666 0
84166 126252
59252 0
54946 0
73290 0
93026 0
3744 0
58555 0
48307 0
82506 0
37490 0
9425 0
19396 0
26941 27900
83220 0
64940 0
78826 0
86042 0
67911 90552
30124 0
35485 0
45779 0
97457 99876
95311 0
25086 0
64027 65560
75985 0
57330 0
3685 0
71702 107556
71068 0
12470 0
81255 0
26130 0
13652 0
37078 55620
76464 0
66978 0
31662 0
75204 0
49219 49896
51232 0
67270 0
2342 3516
44108 0
93975 0
75119 81960
9189 0
27431 0
72112 0
18429 24576
42214 63324
79055 0
60759 0
33925 0
53620 0
63861 0
42715 51264
66081 88112
18409 18900
26402 0
51556 0
31155 0
20473 20880
28459 28800
98572 0
37587 0
56820 0
45343 0
8566 12852
17173 18508
43595 52320
48261 64352
66381 0
87396 0
94835 0
11880 0
53936 0
70665 0
3105 0
58283 58800
79153 0
61386 0
77133 0
12851 13104
31164 0
84043 84640
51905 0
30693 0
1764 0
66286 0
98828 0
66789 0
57271 0
97860 0
99084 0
68510 0
30060 0
93705 0
12378 0
86917 90720
71754 0
13519 14760
29941 30400
6903 0
79933 0
32515 0
63015 0
52965 0
69725 0
69821 0
74921 0
45005 54012
79323 0
62842 0
25545 0
70422 0
38152 0
57419 58344
26630 0
56129 0
85769 86400
22950 0
6816 0
45219 60296
22035 0
95745 0
79626 0
48915 0
3308 0
66030 0
93842 0
61716 0
12326 18492
67901 0
61060 0
90412 0
75425 0
90196 0
78837 0
46575 0
32664 0
65748 0
78035 93648
99057 0
83166 0
22418 0
95116 0
45444 0
46699 0
9296 0
54030 0
56067 0
10863 0
31288 0
14344 0
65251 68112
22766 34152
22976 0
59599 60264
26971 30832
22264 0
35864 0
73095 0
77906 116862
85496 0
9151 0
25907 29616
46876 0
3541 0
27278 0
35272 0
89455 107352
98599 100936
97692 0
2607 0
70898 106350
90748 0
59897 60660
52284 0
64807 65320
94576 0
5305 6372
4273 0
23774 35664
71724 0
8116 0
40504 0
30383 31728
79809 0
38553 0
33324 0
40488 0
17752 0
12382 0
18421 0
95812 0
72677 79296
93037 106336
46414 0
36769 37296
35114 0
39321 0
77389 83356
45318 0
60477 0
46473 0
38197 0
98053 101248
13387 14616
37332 0
44742 0
70639 0
95008 0
47220 0
37053 0
23447 0
52384 0
38176 0
29008 0
55091 55800
24598 0
40856 0
8282 0
41169 54896
81329 81984
62286 0
27228 0
608 0
28460 0
46689 0
70854 0
60271 0
94349 0
97455 0
86488 0
51124 0
29803 0
81555 0
72603 0
16304 0
44152 0
20050 0
26573 0
38926 58392
57470 0
21761 22272
52143 0
9617 9840
30030 0
85236 0
75605 90732
90025 0
44319 0
75078 0
51674 0
38493 0
37675 0
20048 0
47740 0
19341 0
98044 0
52965 0
43854 0
82638 0
970 0
64721 65844
84267 0
14664 0
23450 0
87382 131076
26170 0
21110 0
61696 0
86892 0
49686 0
75968 0
99959 105240
8314 12474
94730 0
76004 0
11578 0
54135 0
13399 0
10318 0
72646 0
53895 0
48740 0
58754 0
90286 0
81094 0
90158 0
18934 28404
83185 0
79389 0
28780 0
24616 0
96496 0
3835 0
87407 0
89315 107184
42535 0
63272 0
92076 0
6959 0
1812 0
1019 0
12912 0
92237 0
34401 45872
87386 0
97264 0
51406 77112
72298 0
17102 0
61966 92952
95636 0
95278 142920
26868 0
77480 0
75485 0
92793 123728
70231 0
74452 0
61679 63384
7340 0
52487 53280
33066 0
87170 0
94355 0
8530 0
1849 0
22070 0
63432 0
54721 0
27162 0
44783 47160
93354 0
55554 0
93233 0
30464 0
48804 0
44384 0
82097 83700
52658 0
19462 0
83247 111000
63264 0
91119 0
2634 0
14996 0
65807 0
20225 0
70955 0
39420 0
71341 0
68407 69496
72487 73080
80004 0
26642 0
11918 0
54385 0
61103 0
99991 0
24381 0
50231 0
40701 54272
44408 0
76453 82348
64239 0
95530 0
87439 95400
37611 0
58200 0
33839 0
21566 0
28813 0
92335 0
91935 0
36509 39840
60135 0
56105 0
28803 38408
14279 14520
60749 65436
30043 32368
74730 0
977 0
84407 0
82658 0
38439 0
5866 0
61563 82088
47857 0
3771 0
9924 0
99207 0
30641 33012
76899 102536
31890 0
39019 0
38930 0
92484 0
23055 0
37279 40680
22189 0
19699 0
39254 0
54597 72800
94521 0
31237 0
95944 0
84340 0
2559 3416
14391 0
22383 0
71235 0
8435 0
66116 0
30508 0
59054 88584
98849 0
49754 74634
99131 0
16675 0
71882 0
41558 0
15625 0
94026 0
64287 0
29585 0
69481 0
58092 0
56395 67680
32006 0
6541 6784
92874 0
53796 0
53907 0
29774 44664
53969 55860
92745 0
56391 75192
50135 0
1111 1224
26556 0
83454 0
62669 64860
56691 0
8179 0
4192 0
47032 0
25483 27000
17711 18000
3989 0
37225 0
29782 44676
44250 0
78875 0
3028 0
68923 69520
50920 0
45779 0
69076 0
76720 0
23824 0
30403 0
44670 0
25740 0
1919 2040
83523 0
906 0
73903 74448
97600 0
49933 0
16164 0
57825 0
76821 0
24921 0
47049 62736
92423 95640
67110 0
49194 0
61405 73692
483 0
96664 0
39721 0
38320 0
6821 7200
38389 41356
1723 0
48586 0
81833 0
91936 0
68580 0
13292 0
87790 0
650 0
45461 0
50827 0
66154 0
81410 0
89617 97776
86581 0
51913 0
52069 0
72345 0
25449 0
5793 7728
5222 0
59440 0
18465 0
599 0
32609 0
98348 0
57077 0
10285 0
52093 52668
32401 0
49666 0
87385 104868
65148 0
69287 69840
85012 0
14698 22050
23298 0
44889 0
92665 0
89482 134226
20876 0
35296 0
3486 0
5058 0
2308 0
71457 95280
76390 0
38746 58122
42242 63366
75922 0
15332 0
68304 0
89762 0
9822 0
65297 0
5981 0
69453 0
47508 0
17640 0
26461 27072
57703 60760
39535 47448
82225 0
37597 0
25839 0
95393 0
54373 59328
19532 0
44148 0
77055 0
48420 0
72447 0
52103 0
62962 94446
90049 95364
33501 0
74746 0
20184 0
4454 0
22038 0
72585 0
93993 0
32588 0
67215 0
72132 0
5410 0
65051 74352
71669 0
50297 0
23743 0
21183 0
44971 0
9350 0
25840 0
78396 0
59540 0
12466 0
72871 0
50638 0
93032 0
66572 0
32382 0
83884 0
21624 0
3963 5288
24194 36294
30304 0
5845 0
6895 0
8026 12042
57259 0
12094 18144
24902 37356
90791 91512
50797 51520
36358 0
57167 62376
94409 107904
30988 0
85302 0
36465 0
57067 57600
81458 0
24427 26320
24358 0
70953 0
982 1476
88627 0
8232 0
93367 94720
51454 0
53808 0
83440 0
14447 0
56350 0
21423 0
84407 0
87313 0
97779 0
45167 0
28470 0
28491 37992
9345 0
19447 0
64378 96570
74610 0
72497 0
8993 0
18385 22068
9011 0
95049 0
83990 0
58919 0
4486 6732
19743 26328
82812 0
51385 0
29318 0
84311 85800
34679 0
22906 0
3954 0
67424 0
2316 0
64293 0
86844 0
26451 0
63104 0
38772 0
76123 0
33755 0
2555 0
17941 0
60533 66048
10565 12684
22718 0
28458 0
67583 71160
32924 0
67885 81468
62579 68280
31784 0
79665 0
68727 0
71441 72000
52667 0
3318 0
5308 0
62513 68208
90944 0
27348 0
58043 0
9914 14874
62041 70912
9072 0
88817 0
18010 0
17354 26034
49796 0
21239 21624
34069 0
90570 0
55742 0
49410 0
9709 0
94652 0
89155 0
2400 0
19891 0
88454 0
87347 94080
95445 0
33074 0
96854 0
80111 0
28471 28944
65960 0
67936 0
53730 0
10607 0
43558 0
84115 100944
82482 0
67418 0
27683 0
53794 0
76137 0
63800 0
26007 34680
45075 0
965 1164
79396 0
53927 0
58005 0
19243 22000
67479 0
76771 0
46541 50784
75216 0
78872 0
75126 0
3916 0
86406 0
72739 0
52046 0
17837 0
9911 0
40600 0
13195 0
78494 0
56022 0
7251 9672
64119 0
18021 24032
76592 0
27250 0
86722 0
93920 0
85691 0
89 0
22947 30600
35020 0
8464 0
45562 0
94670 0
69433 0
44352 0
97914 0
61361 62832
56722 0
21109 0
30572 0
51368 0
28163 0
56889 0
78321 104432
37786 0
32385 0
17221 18252
58451 0
62451 0
83025 0
86386 0
32448 0
62778 0
87376 0
53098 0
89648 0
98723 99360
26760 0
2166 0
19656 0
16306 0
74312 0
38182 0
97546 0
36897 0
30234 0
15844 0
67957 0
30247 0
57023 57600
4249 4864
62032 0
25867 0
97127 0
89261 0
5872 0
47966 0
62464 0
14957 0
36218 0
1734 0
11264 0
17424 0
27469 29596
6407 6600
48042 0
95825 0
34978 52470
49304 0
42853 0
27765 0
48737 0
38139 50856
45692 0
6996 0
39348 0
95778 0
61854 0
37757 39996
25662 0
96121 101200
93635 0
52314 0
36554 0
71521 73492
87031 99472
27181 0
79245 0
1595 0
54459 0
58872 0
43040 0
36132 0
58148 0
28541 0
77007 0
79164 0
92188 0
42187 0
9954 0
6399 0
20038 0
78379 89584
99928 0
65414 98124
35626 0
65984 0
45722 68586
47829 0
50664 0
66377 0
95742 0
32879 0
69759 0
84283 85320
46945 0
98684 0
96380 0
85858 128790
87531 0
63390 0
14207 0
38028 0
41372 0
77160 0
14013 0
93304 0
12481 14272
72264 0
48606 0
5098 7650
54290 0
40328 0
98624 0
48122 72186
4136 0
5485 6588
96352 0
24851 0
82674 0
58006 0
28666 0
6298 0
2310 0
11158 0
97818 0
59906 0
90930 0
8639 8856
25458 0
34290 0
2100 0
42464 0
5043 0
18370 0
49975 0
95886 0
63404 0
53633 0
40635 0
31868 0
40172 0
24167 0
14392 0
58041 0
21529 0
91723 0
83473 89908
75444 0
31569 0
8487 0
24898 0
1367 0
93031 96064
84584 0
36539 37200
64282 96426
44201 0
32557 37216
15950 0
57449 0
80187 106920
75604 0
64642 96966
97836 0
12879 0
23455 28152
48345 0
30085 0
24472 0
10882 16326
16225 0
19725 0
32429 0
86333 0
41350 0
80159 81360
70847 0
65581 0
88884 0
13956 0
93257 0
24084 0
97056 0
81591 108792
36349 36736
26346 0
74889 0
31934 0
63571 64144
87250 0
69556 0
45384 0
42494 63744
17190 0
68159 0
13566 0
60512 0
63752 0
68195 0
52956 0
70047 0
25317 0
19125 0
63467 0
60681 0
47736 0
57984 0
33432 0
58026 0
58502 87756
842 1266
5563 0
34370 0
16731 0
75725 0
23728 0
25550 0
23934 0
77434 0
83718 0
26475 0
84367 84960
89918 134880
58213 60768
25051 0
75522 0
65907 0
51924 0
27983 0
72077 0
1490 0
92894 139344
20455 24552
24153 0
66175 0
49457 0
13488 0
74165 0
48270 0
73875 0
91083 0
3412 0
55723 56368
75242 0
62876 0
75263 76368
9232 0
50841 0
90585 0
81874 0
74399 0
14930 0
2837 0
36406 0
44200 0
42253 0
76509 0
83863 90328
76204 0
63844 0
33836 0
60081 0
94092 0
72847 73696
65642 0
39661 42012
59156 0
51251 52272
29330 0
12746 19122
67790 0
44908 0
66043 66568
76196 0
75774 0
37264 0
71352 0
98711 0
84986 0
39193 0
38959 0
81523 87808
30420 0
76397 76956
97840 0
5340 0
79535 95448
14191 14832
81970 0
28943 29328
59138 88710
9982 0
97695 0
30566 0
26264 0
58209 77616
14392 0
69641 0
55728 0
89033 0
96057 0
57629 0
91001 0
76921 0
41643 0
47014 0
97003 0
80915 97104
72852 0
82847 0
70544 0
59183 0
25583 0
25336 0
91945 0
51796 0
11724 0
27709 0
40772 0
48946 73422
52781 53952
48963 0
90155 0
2278 0
9671 10200
11750 0
95617 0
8654 12984
60703 0
15727 0
62277 83040
41666 0
93798 0
30742 0
54951 0
3482 5226
1196 0
74452 0
6945 0
74213 75840
21696 0
38237 0
83374 125064
79990 0
98377 0
70099 0
81476 0
4255 0
89744 0
26561 0
41107 0
61559 0
78307 0
15048 0
42351 0
2640 0
75292 0
68071 0
36304 0
43565 52284
5068 0
93644 0
68928 0
82845 0
67836 0
54649 0
47532 0
3846 0
40572 0
36215 43464
44844 0
6920 0
32947 33696
79887 0
98447 104256
47442 0
8484 0
11462 0
6695 0
93488 0
5003 0
2427 3240
59484 0
17505 0
39055 0
11936 0
8456 0
73020 0
21840 0
15938 0
73860 0
30869 0
41855 0
93171 0
41235 0
95026 142542
36100 0
79755 0
38926 58392
94081 101332
54323 0
56384 0
58070 0
80715 0
10525 0
71207 73536
97737 130320
78922 118386
20512 0
4756 0
69869 70620
34943 35448
76568 0
75167 0
9785 0
93641 96900
78208 0
42695 51240
5668 0
14523 0
41804 0
19394 29094
54235 65088
10709 0
41837 0
15617 0
88485 0
96569 105360
41697 0
26268 0
49749 0
46546 0
81080 0
91725 0
74074 0
84399 0
30745 0
47443 0
27343 28120
26617 27280
83805 0
9682 0
53969 55860
43593 0
56662 0
13699 0
14041 14800
19246 28872
85648 0
98683 106288
97431 0
48316 0
81837 0
95616 0
95921 0
81845 98220
63308 0
98075 0
87974 131964
78543 0
79270 0
5711 0
37449 0
29008 0
12669 0
92837 0
72182 0
11841 15792
79111 0
26496 0
29738 44610
45901 46332
63645 0
68273 69360
74724 0
17517 23360
82782 0
17187 0
76356 0
6619 0
48112 0
77120 0
6712 0
6884 0
11680 0
67820 0
92813 106080
54339 0
68554 0
55364 0
52783 0
67325 0
1642 2466
50681 51600
43114 64674
46353 61808
90163 0
34283 0
62520 0
16693 0
59128 0
79233 0
67688 0
85069 86044
48316 0
1374 0
18104 0
32427 0
15255 0
13439 13680
38789 39360
13774 0
71647 0
34621 35100
95379 127176
88143 0
86326 0
49276 0
45308 0
90854 136284
30865 37044
69306 0
97147 102280
54614 0
56533 0
72856 0
98455 0
25091 27384
74240 0
1620 0
13134 0
32562 0
42582 0
31277 0
73096 0
64930 0
33053 0
47076 0
69001 0
62065 74484
45331 0
37682 0
16471 0
1480 0
44887 0
10070 0
58477 0
35965 43164
35982 0
18485 22188
82382 0
83384 0
93253 0
61336 0
8316 0
64912 0
17292 0
56775 0
35658 0
89519 0
23511 0
87597 0
51722 0
49768 0
11023 11248
10623 14168
10364 0
64524 0
45118 0
49477 0
63034 94554
74954 0
85332 0
70000 0
64932 0
42185 0
52569 0
54656 0
32587 0
54439 0
54436 0
74079 0
34684 0
23616 0
36574 54864
78284 0
76944 0
59866 0
93581 0
39584 0
21111 0
90962 136446
53398 80100
71813 82080
55227 0
23202 0
76697 0
66260 0
53456 0
510 0
17616 0
43370 0
32905 39492
35989 0
69330 0
68087 0
75112 0
46618 0
91844 0
98600 0
70927 74680
25234 0
9653 0
25255 30312
63684 0
79301 0
24185 0
88915 106704
40476 0
33672 0
58813 59488
567 0
32360 0
73767 0
16849 0
54132 0
98010 0
48 0
50818 76230
42977 46896
51100 0
14016 0
28453 29260
86492 0
5839 0
56192 0
30061 31392
1145 1380
3158 4740
12944 0
56053 0
97302 0
81463 0
305 372
66940 0
24552 0
55029 0
84524 0
55805 66972
25502 0
32251 0
91386 0
66574 99864
36194 54294
57761 0
47403 0
42044 0
22516 0
52304 0
98493 131328
41845 50220
46796 0
57268 0
24327 0
38991 0
15072 0
53962 80946
42228 0
58732 0
61694 0
19706 0
46603 48240
17210 0
55434 0
95489 0
8899 9720
31033 0
54673 0
76405 0
3432 0
32266 0
98066 147102
17548 0
50155 0
39596 0
71620 0
52078 0
98158 0
26429 0
43703 0
29527 0
78275 0
92316 0
37429 42784
84137 0
95655 0
58875 0
22000 0
46839 0
78756 0
77472 0
4593 6128
86858 0
22282 0
60898 91350
27972 0
53267 0
9407 9840
33967 0
5368 0
20931 27912
47426 0
71937 0
17056 0
93068 0
39843 0
54439 0
52625 0
36352 0
12088 0
47696 0
38053 0
85076 0
63017 0
11936 0
31776 0
37735 45288
12150 0
66298 99450
32923 0
357 0
35873 37140
35272 0
16862 25296
69082 0
85708 0
15446 23172
85670 0
61709 64416
89684 0
18311 0
16375 0
29168 0
57584 0
5026 0
6508 0
60601 0
64238 96360
49720 0
44963 0
94093 98208
2525 0
55891 60984
69746 0
77750 0
18724 0
27436 0
7908 0
9832 0
12029 12576
95869 0
22464 0
347 0
80377 87696
23058 0
37536 0
11525 0
50453 54348
10491 0
48112 0
56500 0
24380 0
18469 0
95381 0
29963 0
85791 114392
70682 0
76262 0
37940 0
61700 0
41051 0
10446 0
42052 0
28770 0
37015 0
52888 0
78220 0
73406 0
55737 0
909 0
53772 0
9953 10260
66970 0
32349 0
90787 0
79468 0
14404 0
76020 0
75682 0
40463 41448
82135 98568
24669 0
36086 54132
70178 105270
17061 0
86692 0
45770 0
74987 0
87015 0
33652 0
40875 0
80972 0
91923 0
54168 0
4038 0
47200 0
56788 0
16546 24822
904 0
34886 52332
65292 0
2515 3024
69350 0
5345 6420
84889 0
30623 31008
21403 22680
47668 0
80497 81396
82803 0
92335 0
47014 0
77498 116250
25605 0
90245 108300
69278 0
4208 0
75695 90840
18123 0
729 0
76759 78120
58140 0
16380 0
29296 0
16252 0
6005 7212
8958 0
76731 102312
17958 0
8910 0
86991 0
32322 0
26414 0
5869 0
50996 0
86448 0
7887 0
88082 132126
8989 9180
30919 0
14090 0
44510 0
834 0
45064 0
63603 0
68896 0
53840 0
51219 0
95021 0
2048 0
56025 0
57053 58080
26213 28608
31084 0
56286 0
73092 0
50160 0
26485 31788
78167 0
5257 6016
54015 0
7240 0
85946 0
43159 0
95394 0
84649 0
64025 0
46776 0
84765 0
15777 0
68269 68796
48145 57780
67903 74088
38197 0
12851 13104
66790 0
15434 23154
73873 76288
40661 41292
92118 0
45500 0
32406 0
23033 23808
14058 0
82588 0
38417 39396
45128 0
85498 0
40483 0
46416 0
89358 0
68753 69300
8789 0
79318 118980
39970 0
91257 0
21411 0
5688 0
22634 33954
90033 120048
56339 57456
12166 0
2155 2592
74334 0
53982 0
30616 0
56300 0
73639 74200
8792 0
64496 0
6019 6496
96162 0
24560 0
86110 0
16932 0
97439 98280
99255 0
45156 0
44579 0
3013 3168
70348 0
55447 0
56675 0
30597 0
93082 0
13053 0
99133 0
66594 0
52377 0
4472 0
39035 0
39106 58662
76407 101880
39724 0
1189 1260
49968 0
15882 0
66561 0
52997 0
58654 87984
81774 0
20069 0
96729 0
5199 6936
21338 0
17582 0
12587 12936
43534 65304
71975 0
91228 0
23987 0
86434 0
41382 0
98142 0
30184 0
95335 0
98846 0
34066 51102
86495 103800
64124 0
63950 0
70969 0
12391 0
17713 0
19369 22144
14648 0
72618 0
79254 0
48032 0
10935 0
66644 0
30203 0
51868 0
49157 0
13195 0
38608 0
84785 0
26367 0
3059 0
40008 0
29984 0
18148 0
51980 0
3746 5622
53876 0
79809 0
51054 0
52109 52704
42085 0
17504 0
806 0
39990 0
23887 0
40628 0
89029 94284
12703 0
46337 0
29609 30660
92035 0
50327 51240
76149 0
3263 3528
38937 51920
39021 52032
90762 0
55188 0
55876 0
84015 0
41879 0
18888 0
35981 39264
91170 0
4664 0
22013 0
28447 0
83004 0
32942 0
44581 45100
80442 0
49087 49536
2907 0
67035 0
43801 0
71870 0
76792 0
52845 0
4304 0
57420 0
62823 0
17807 0
3464 0
97532 0
26197 0
52488 0
25164 0
75928 0
3750 0
57768 0
24707 25536
41117 0
74622 0
21741 28992
7842 0
28313 29568
66244 0
77695 0
29484 0
45617 0
85186 0
12561 0
5111 5400
14060 0
95080 0
43643 45960
82052 0
96434 0
20855 0
4546 6822
91325 0
98325 0
59856 0
79437 105920
15188 0
34858 0
82755 0
17039 18600
3414 0
63094 94644
23066 0
28493 0
33775 0
30903 41208
88087 89640
14246 0
55751 56232
39435 0
21097 0
34170 0
30673 31540
20322 0
79142 0
87419 0
92199 0
51258 0
61890 0
73723 0
14728 0
60518 90780
49584 0
64201 0
32202 0
84077 96096
21757 0
18147 0
94285 0
17204 0
62131 0
25998 0
93771 0
68771 0
25085 0
96029 97020
48795 0
10664 0
89229 0
49441 0
41368 0
66782 100176
59262 0
33100 0
40480 0
85436 0
69504 0
86266 129402
50199 0
54407 55776
54511 0
99619 0
24086 36132
52746 0
38456 0
68687 0
40271 0
36352 0
81188 0
74577 99440
78655 94392
83661 0
16582 24876
91864 0
22630 0
67915 0
22244 0
88947 0
65361 87152
1010 0
97452 0
54112 0
43479 0
5447 5880
20589 27456
56276 0
45515 54624
29985 0
72795 0
42620 0
53335 64008
41091 54792
24562 36846
17158 0
71269 0
8405 0
20635 24768
4747 4896
58806 0
36106 0
75649 0
21615 0
20265 0
38597 41580
37378 0
28198 0
48881 55872
64817 0
32626 0
29100 0
86916 0
22288 0
73882 0
32699 34440
93306 0
78094 117144
42530 0
48948 0
98577 0
14015 16824
3309 4416
97056 0
5311 5472
92438 138660
98046 0
36436 0
340 0
4761 0
9644 0
1668 0
66698 100050
80633 92160
98210 0
4342 0
66779 68376
6873 0
55475 0
84987 0
28055 0
30233 0
59993 63540
38704 0
56704 0
12095 0
40844 0
46067 52656
90656 0
89362 0
70645 0
52364 0
29464 0
19573 0
93397 95040
56947 0
25507 26640
87968 0
89558 0
44810 0
48669 64896
57314 85974
29084 0
90670 0
53072 0
80274 0
52560 0
3297 0
1211 1392
62393 63888
26723 0
83434 0
16296 0
90238 135360
38424 0
21646 0
12358 0
10464 0
40216 0
52439 53760
56448 0
50051 0
97659 0
61602 0
46075 0
37238 0
53319 0
36456 0
36363 0
50679 0
3908 0
63263 64848
3169 0
60372 0
47764 0
98654 0
64961 0
77134 115704
63452 0
96892 0
56262 0
32118 0
98706 0
79295 95160
15481 15732
44250 0
7376 0
36148 0
56138 84210
86296 0
12469 12844
67151 0
46596 0
10455 0
40076 0
92624 0
65640 0
63970 0
89595 0
31531 0
30292 0
82058 0
37545 0
35549 37440
77736 0
45290 0
39132 0
28791 0
24906 0
93584 0
56879 59376
92937 0
44088 0
64928 0
84259 96304
4797 0
64786 0
81537 108720
27415 32904
95791 0
36503 36888
47043 0
81398 122100
47769 63696
96543 0
28005 0
47225 0
18661 0
26347 0
3487 3816
11533 12160
23465 0
21131 0
39085 46908
78160 0
51250 0
67905 0
9015 0
96415 0
643 0
28049 32064
42292 0
7921 0
5912 0
40363 40768
17981 0
50365 0
96937 0
47405 0
84531 0
55090 0
31908 0
32435 0
81492 0
97610 0
36498 0
2441 0
1155 0
80456 0
775 0
38223 0
85624 0
88797 118400
58583 66960
76946 0
85033 0
33940 0
70867 0
3868 0
97127 0
68816 0
65271 87032
22547 25776
97864 0
20438 0
69405 0
10498 0
20496 0
88992 0
60160 0
84331 0
75143 75768
14313 0
50337 0
27441 0
34788 0
92546 138822
85348 0
88135 105768
81821 86652
31577 0
89936 0
98990 0
27256 0
59567 0
50929 0
3067 0
83326 0
23028 0
55414 0
51558 0
4874 7314
37486 56232
38855 0
36777 0
35382 0
54018 0
51918 0
16415 0
82321 82944
96401 0
66441 88592
23096 0
53401 0
55309 0
96368 0
24769 0
26320 0
41943 0
93512 0
64390 0
38140 0
35948 0
91570 0
8881 9072
82578 0
2924 0
80943 107928
59012 0
82563 0
48856 0
23015 27624
77288 0
29113 33280
14951 0
11703 0
31913 0
11332 0
48557 49440
74052 0
19637 19980
48519 0
28729 0
3640 0
56483 64560
46837 53536
26243 0
6336 0
19174 28764
41932 0
18969 25296
66817 67540
84887 92616
67779 0
47981 0
30213 0
79337 0
89099 89880
3987 0
80534 0
5682 0
19291 19584
96787 0
97028 0
25980 0
61531 63232
94414 141624
73317 97760
92252 0
56622 0
32959 34416
27740 0
8546 12822
19873 0
58340 0
57797 59820
4991 0
36578 54870
61750 0
36216 0
61893 0
93006 0
30622 0
25553 0
50386 0
85431 113912
96747 0
91047 0
68364 0
89104 0
69755 0
60774 0
21372 0
46010 0
3306 0
93590 0
91517 0
70166 105252
74129 0
29982 0
86825 0
67074 0
16162 24246
22618 0
25782 0
88445 0
67637 68160
27814 41724
84956 0
44967 0
29301 39072
75492 0
90948 0
55543 56440
92164 0
41080 0
72774 0
29726 0
84210 0
66396 0
23962 35946
53027 57120
92798 139200
48257 0
75504 0
15153 20208
74862 0
85481 0
41213 0
62916 0
35148 0
17498 0
19752 0
90884 0
13701 18272
22747 0
59979 79976
95860 0
49789 0
71725 0
60622 0
63603 0
62654 93984
29198 0
94743 0
70757 71340
64087 67480
6323 0
38868 0
41429 43884
54999 0
70665 0
55583 0
42647 46536
45889 46420
23515 28224
25486 38232
52061 52800
63376 0
47476 0
67253 67980
31919 32520
70974 0
31972 0
84513 0
28822 43236
16032 0
48924 0
56962 0
93306 0
87908 0
60756 0
62307 0
8788 0
60526 0
74517 0
45335 54408
44878 0
66679 67320
15461 0
38597 41580
91798 0
81537 108720
98483 0
32920 0
98278 147420
1496 0
55726 0
32844 0
50003 51648
54298 0
58319 60360
67548 0
81661 82432
60983 65688
88055 0
51099 68136
73275 0
36693 0
58694 88044
22635 0
73945 0
36684 0
84054 0
47497 0
31617 0
69124 0
82954 0
46211 50424
52869 70496
2686 0
1146 0
75997 0
10392 0
29522 0
25360 0
4652 0
62719 66040
59606 89412
65338 0
45682 0
65632 0
81201 108272
85333 0
19555 23472
22780 0
15503 15960
50498 0
71160 0
5275 0
97965 0
44452 0
96210 0
28184 0
10419 0
66277 66816
53001 0
60534 0
88988 0
48295 0
76714 0
47789 54624
13184 0
54034 81054
76762 0
86696 0
31146 0
86879 0
89512 0
82082 0
39748 0
68691 0
63361 0
41856 0
99710 0
59045 0
78726 0
67426 101142
93198 0
71329 0
16780 0
41544 0
19214 0
29042 0
1641 2192
59236 0
20449 0
2987 3120
61101 0
12639 0
85058 0
38889 0
69310 0
5206 0
63777 0
29644 0
49079 51984
35597 0
59424 0
36815 0
82578 0
4955 5952
55996 0
4999 0
26594 39894
80375 0
22580 0
52356 0
75924 0
6346 0
37618 0
57488 0
30786 0
53433 0
29910 0
4375 0
26894 0
2692 0
13244 0
21794 0
23049 0
16379 17880
3328 0
61394 92094
89728 0
62880 0
86838 0
53384 0
6236 0
26840 0
20470 0
27207 0
53791 0
82157 85020
18718 0
76607 0
66123 0
70978 0
17739 0
49320 0
7810 0
23228 0
16370 0
85262 0
19557 0
184 0
4156 0
20327 0
35455 0
95696 0
66172 0
92480 0
24352 0
19707 26280
41804 0
62667 0
19752 0
41454 0
73184 0
70584 0
33991 35800
43402 65106
31464 0
93771 0
31733 34188
81184 0
99497 0
83434 0
90786 0
14894 0
74951 75504
48432 0
60049 0
44814 0
34120 0
88295 105960
73852 0
49894 0
72122 108186
12803 0
62040 0
42850 0
50550 0
44462 0
99048 0
22654 0
87644 0
95880 0
17422 0
73107 0
1440 0
54516 0
91510 0
66299 66864
232 0
15121 0
61722 0
9581 0
70691 71232
47145 0
35212 0
8559 0
41305 0
91656 0
51147 0
84251 84912
76968 0
9636 0
92350 0
44444 0
4096 0
35570 0
60175 0
80150 0
20559 0
87345 0
18621 0
687 920
70462 0
65862 0
37171 0
75614 0
68747 0
85511 86112
76645 91980
8885 10668
45571 46000
25384 0
58721 63252
11281 11700
16408 0
10168 0
98798 0
43194 0
22734 0
2348 0
82822 124236
40199 40920
15697 17136
27185 32628
13143 0
28029 37376
50002 0
92734 0
95705 114852
30405 0
74684 0
3208 0
21458 32190
85971 114632
256 0
69186 0
28017 0
87522 0
14668 0
6962 0
22543 0
40696 0
53789 0
46415 55704
79548 0
80599 0
72803 74400
1140 0
13045 15660
15866 23802
5352 0
73690 0
22427 23016
50566 0
76606 114912
17357 18396
76072 0
5228 0
12474 0
59151 78872
77454 0
56150 0
20572 0
33667 34056
58964 0
18984 0
10380 0
79733 80928
29941 30400
85358 0
237 320
25661 26112
2072 0
18863 20328
29754 0
63925 0
48424 0
74845 89820
31325 0
71555 0
53687 55176
29024 0
60533 66048
62308 0
5578 8370
78584 0
73702 0
21832 0
61119 0
95673 127568
62096 0
44445 0
82036 0
27004 0
55902 0
80338 120510
88550 0
45633 0
2443 2800
52176 0
25651 25992
80466 0
17725 0
65251 68112
48805 0
98502 0
94348 0
21557 0
35994 0
27820 0
35392 0
92887 96120
24485 0
89701 90304
21091 0
39725 0
73905 0
56696 0
80552 0
11993 12240
7475 0
29542 44316
20860 0
24568 0
46146 0
57508 0
87396 0
40392 0
3173 3360
88860 0
94741 100332
11890 0
44868 0
37848 0
10860 0
18223 0
69700 0
2231 2352
15581 0
50651 0
76062 0
80049 106736
1335 0
7933 0
116 0
77680 0
57467 0
39367 0
31295 0
17625 0
34822 0
87567 0
49497 0
14582 0
98339 101760
17930 0
95774 0
92642 0
98216 0
20821 21312
42545 0
64110 0
24788 0
91323 0
2160 0
54236 0
38913 0
88285 105948
96247 97240
8236 0
84292 0
35761 39024
99567 0
14311 15624
97044 0
22070 0
98253 0
74065 88884
38084 0
58461 0
21921 29232
68095 81720
79303 90640
94555 113472
31418 0
58785 0
86149 0
37808 0
88549 89836
12274 0
89696 0
3499 0
19163 0
4651 0
96270 0
52412 0
32402 0
43525 0
97185 0
42222 0
80005 96012
88008 0
60532 0
41179 0
27696 0
45313 45828
27779 0
84387 0
52780 0
82741 83692
93883 94528
33641 0
26896 0
80042 0
77942 116916
38461 0
24573 32768
98826 0
81436 0
4195 5040
91756 0
7181 7392
11789 0
8393 0
32341 0
70305 0
23607 0
80213 0
60392 0
23328 0
954 0
74123 84720
54034 81054
21319 0
51023 0
42990 0
81692 0
19685 0
68132 0
22445 0
31840 0
59003 67440
80151 106872
95841 0
23438 35160
40439 0
74229 0
67697 0
34455 0
82962 0
59715 0
82042 0
45274 67914
93622 140436
70068 0
70580 0
45394 68094
98704 0
48124 0
16745 0
26873 0
47152 0
43132 0
72438 0
60461 61152
93531 124712
83450 0
53184 0
64394 0
93025 0
32739 0
34416 0
48983 0
54992 0
21464 0
41997 56000
41912 0
31440 0
2404 0
2780 0
85078 0
40670 0
37342 56016
31584 0
6192 0
83731 0
30968 0
74689 78640
81381 108512
32134 48204
77961 0
20725 0
45023 49128
9717 0
51262 0
83728 0
32597 33516
19818 0
80169 106896
68333 71328
24029 0
4107 0
67227 89640
32461 0
23691 0
56096 0
50571 0
46119 61496
75583 0
96342 0
40394 0
39752 0
68864 0
75199 75880
12141 0
21099 0
79541 0
33439 0
84680 0
83816 0
82480 0
27763 0
40507 0
30895 0
74987 0
51274 0
40378 0
40391 0
225 0
4197 5600
42014 0
71782 0
68234 0
90631 0
95980 0
52045 0
9154 0
30387 0
25309 0
71202 0
32862 0
63242 0
69379 0
29616 0
1797 2400
73392 0
89436 0
11865 0
64046 0
94983 0
63864 0
21787 0
23776 0
7394 11094
49853 0
45685 54828
33427 0
67041 0
95107 0
79976 0
23617 0
78801 105072
98200 0
43768 0
32300 0
41677 42336
47205 0
47602 71406
41639 44856
99376 0
10789 0
19690 0
64703 65520
44034 0
63227 66000
4117 4320
32735 39288
71039 0
76520 0
84815 101784
86127 0
70211 71424
56952 0
93177 0
55247 55896
11748 0
54110 0
64474 96714
43408 0
64042 0
76694 0
28860 0
77568 0
50462 0
34494 0
63618 0
18417 0
89045 0
4357 0
1960 0
3554 5334
70983 0
84722 0
63026 94542
92583 0
14545 17460
69327 0
54738 0
28635 0
27764 0
80689 92224
58182 0
24417 0
61515 0
24643 25960
88973 89628
5589 0
83955 0
6948 0
81457 0
58428 0
11102 0
8309 9504
7790 0
2548 0
95139 0
36775 0
59352 0
15014 22524
82543 83160
21551 22512
40641 0
71657 72336
24214 36324
70672 0
2557 0
28260 0
73871 0
28402 0
19569 0
863 0
84374 126564
20786 0
13939 14256
44061 0
34275 0
92805 0
64432 0
22752 0
70697 77136
73302 0
20617 21060
50873 0
62929 0
14181 0
20115 0
67441 73584
34057 0
85565 0
57191 0
50988 0
90701 97692
99667 0
43506 0
89317 0
4433 0
26780 0
66531 0
13606 20412
86998 130500
54762 0
74419 0
20294 0
20932 0
14311 15624
71862 0
57206 85812
83426 0
1131 0
79150 0
74228 0
76480 0
55568 0
81474 0
22263 0
71839 0
16347 21800
19518 0
94594 141894
58473 0
12436 0
252 0
22078 0
55927 0
12991 14184
83697 0
59888 0
42032 0
65777 0
19844 0
52710 0
65608 0
62088 0
37294 0
50143 51408
14912 0
50760 0
84992 0
12450 0
52675 0
61702 92556
86069 0
98045 117660
3471 0
38638 57960
8754 0
39822 0
22025 0
29658 0
96111 0
88309 95116
59596 0
81464 0
29468 0
13798 20700
45186 0
82439 94224
90773 92928
56057 58020
94623 126168
94473 0
31030 0
88582 0
13720 0
15953 0
90764 0
83884 0
23784 0
52211 52800
16792 0
58537 0
86397 0
36767 0
71438 0
63022 94536
79636 0
24491 25800
3088 0
20134 30204
70724 0
99525 0
20283 27048
79750 0
22968 0
15863 16440
65108 0
52787 60336
26761 30592
35473 37360
79776 0
3705 0
51350 0
62829 0
68112 0
37331 42672
30556 0
34784 0
40207 41536
7049 0
50759 51216
7805 0
29066 43602
79537 0
32637 0
89272 0
83803 84448
8071 9232
50900 0
63960 0
42653 0
43209 0
13023 0
66493 0
76775 0
81209 0
81327 108440
881 0
95065 114084
96755 0
5185 0
39689 0
19428 0
70950 0
81531 0
90899 96264
61421 65052
97931 0
43319 0
34374 0
76320 0
56397 0
3394 5094
92664 0
47148 0
38340 0
68430 0
44925 0
86195 103440
8600 0
6155 7392
66709 70240
8280 0
22842 0
38421 0
25097 0
98261 99372
21657 28880
21182 0
58702 0
92389 0
70062 0
80310 0
12257 0
89781 119712
92171 93744
52740 0
93491 0
97637 98400
61191 0
64290 0
13432 0
60649 0
18405 0
68478 0
40762 0
54423 0
23248 0
54215 0
42326 63492
59024 0
3738 0
84913 0
14846 0
30507 40680
88211 0
83870 0
31986 0
65347 66096
19042 28566
45157 51616
53109 0
53770 0
11803 0
57617 65856
36798 0
94022 0
77562 0
96706 145062
47010 0
70690 0
60697 0
96067 101736
20931 27912
90453 0
4100 0
67677 0
24231 0
37906 0
68363 69000
25510 0
16582 24876
98116 0
23307 0
10367 11856
16614 0
39041 0
98007 0
38140 0
58952 0
86900 0
71318 0
82967 83640
77842 116766
95382 0
18101 18912
20350 0
73037 0
53319 0
51557 0
3478 0
8888 0
61943 70800
95106 0
10663 0
10644 0
26168 0
48325 0
11899 12136
21557 0
91461 0
80787 0
70867 0
78236 0
14827 0
84041 86784
52853 55980
65834 98754
15839 16224
34724 0
71021 0
26066 39102
74573 0
14242 21366
30173 0
6326 9492
29747 30096
7553 0
55611 0
37533 50048
47864 0
7405 8892
62007 0
36070 0
4629 6176
49172 0
411 552
94696 0
19336 0
35043 46728
63873 0
67024 0
42094 0
55366 0
99894 0
45978 0
79401 0
17607 23480
93933 0
89537 102336
95825 0
77696 0
29014 0
98963 0
5122 0
75158 112740
11520 0
17821 18144
4974 0
80680 0
33977 34596
89670 0
23761 0
4056 0
15030 0
44214 0
70841 0
7338 0
88257 0
6292 0
25964 0
26495 0
26301 0
88888 0
28339 30024
4335 0
3205 3852
71951 0
47475 0
99 0
93711 124952
73894 110844
89621 0
57753 0
64916 0
27666 0
91393 0
28662 0
20166 0
33563 0
92642 0
83313 0
12539 0
87592 0
5828 0
19150 0
6324 0
35900 0
585 0
60521 0
94022 0
3407 0
45616 0
78114 0
48433 0
97332 0
40215 0
73998 0
14442 0
87435 0
1464 0
14175 0
33284 0
6778 10170
35768 0
26167 26496
62378 93570
4409 0
44594 0
56387 57000
23790 0
55836 0
74612 0
54587 0
70252 0
63425 0
17207 0
76838 0
38576 0
40083 0
79272 0
99579 0
19501 0
8579 8976
86295 0
80461 85212
85191 0
29448 0
78872 0
89742 0
35865 0
13900 0
95313 127088
60081 0
51352 0
68145 0
2574 0
37194 0
95582 143376
33102 0
63820 0
29868 0
40566 0
22416 0
96291 0
60112 0
64261 64800
97798 0
88643 0
65150 0
66968 0
66481 70000
16656 0
25454 0
90189 0
81189 0
79765 0
65522 0
23834 0
94737 0
34095 0
51766 0
53139 70856
45343 0
36273 0
9278 13920
50246 0
64254 0
78341 0
42012 0
76532 0
32494 0
3408 0
90879 121176
4650 0
18424 0
6176 0
10159 0
38313 0
7520 0
9760 0
966 0
51519 0
41344 0
60223 0
25680 0
85789 0
37894 56844
51938 77910
70921 0
96477 128640
86239 0
31946 47922
27507 0
79376 0
47400 0
18436 0
20200 0
46033 49588
30491 0
60326 0
77629 78300
42722 0
93626 0
15006 0
84161 0
361 0
10484 0
62557 0
24508 0
78307 0
72930 0
85057 0
67001 73104
12699 0
34601 39552
43482 0
29527 0
3306 0
87557 0
66882 0
8776 0
13518 0
19128 0
85382 0
7024 0
64045 76860
27383 27720
17460 0
28977 0
39803 40608
43984 0
33955 40752
5991 7992
36081 0
69790 0
66032 0
50315 0
85213 0
55014 0
74885 0
57475 0
79658 119490
5759 6216
47922 0
21887 22440
49847 56976
50488 0
85209 113616
82533 0
14884 0
49599 0
63219 0
75525 0
1741 0
80353 0
75244 0
54275 0
15802 23706
18836 0
33638 0
39349 0
16340 0
87047 88536
16464 0
34985 41988
12527 0
11292 0
61724 0
41461 47392
22928 0
12758 19140
51894 0
79964 0
88217 92880
1920 0
4135 4968
55640 0
90549 0
76673 0
17216 0
65577 87440
33436 0
86358 0
54300 0
80140 0
15164 0
31058 0
46179 0
53158 0
87165 0
82137 0
25133 25788
57548 0
18820 0
95073 0
38586 0
79940 0
62559 0
50541 0
32743 33120
86649 0
92206 138312
74362 111546
75660 0
50664 0
940 0
39343 0
98986 0
68452 0
69689 70224
41747 42240
53913 71888
52275 0
76258 0
73924 0
1686 0
42850 0
78749 85920
78853 0
70425 0
29437 0
32516 0
21949 22464
38051 40992
63769 65296
7390 0
48487 0
32350 0
36843 49128
87180 0
78560 0
26159 0
73625 0
94740 0
22901 0
22896 0
74183 76608
25365 0
17687 18480
97030 0
15689 16260
48513 0
96919 102040
83358 0
68611 0
4223 4368
93852 0
66740 0
93302 0
97744 0
61011 0
18207 0
99379 113584
65516 0
96046 144072
59620 0
405 0
14448 0
66649 0
24978 0
74635 0
29303 0
48335 0
43228 0
32293 33088
76659 0
24881 25200
98588 0
6090 0
57899 0
79949 82560
33875 0
42640 0
91609 0
24506 36762
64855 0
36905 0
74282 0
17993 18960
14213 14508
74783 0
91118 0
66467 0
22430 0
87110 0
7683 0
4213 4608
86178 0
54441 0
66817 67540
49413 0
12313 14080
62052 0
58059 0
6652 0
70211 71424
86516 0
28562 42846
77229 0
74908 0
61938 0
59415 0
76507 0
86736 0
73773 0
71327 0
96279 0
96584 0
86694 0
92543 0
29511 0
87373 0
94452 0
72779 0
20704 0
10601 0
38920 0
71771 82032
37861 0
58373 0
1293 1728
94252 0
74594 0
41800 0
17513 17808
7634 0
45474 0
36335 0
21049 0
74411 0
41812 0
59838 0
8731 0
6194 0
60045 0
13779 0
48073 0
53378 0
99008 0
51824 0
45635 54768
37808 0
27279 0
34672 0
54169 57040
59564 0
46031 46464
643 0
83311 0
14948 0
79157 85260
56112 0
16789 17056
2401 2752
63380 0
11975 0
48167 0
92645 0
4328 0
63233 64980
43483 0
57872 0
9436 0
82288 0
1778 0
83726 125592
10233 0
26353 0
59522 89286
77257 80640
40460 0
78762 0
63534 0
99551 0
87266 130902
58900 0
90132 0
76760 0
25758 0
17144 0
88928 0
89629 91584
12315 0
16619 0
48851 53304
19673 19968
75433 75988
19989 0
18919 0
83521 88452
53924 0
88594 0
31577 0
38581 39564
31098 0
81654 0
99632 0
16826 0
88555 0
78342 0
42556 0
50573 51168
90575 0
29872 0
9138 0
5874 0
22667 23880
12885 0
5070 0
73879 79576
22057 0
40211 40800
19390 0
72561 0
67719 90296
10254 0
49706 0
83885 0
66238 99360
71176 0
34941 0
49484 0
92744 0
1278 0
23957 0
39514 0
19657 21456
12248 0
96291 0
58522 0
41128 0
31605 0
21038 0
37833 50448
26886 0
14357 0
71309 0
87660 0
62057 0
10928 0
54221 55200
6815 0
15220 0
68825 0
65019 86696
37963 0
85095 0
31464 0
33351 44472
19380 0
64804 0
14900 0
91162 0
26797 27136
52665 0
73389 0
68502 0
31309 31680
12654 0
42892 0
64879 0
70324 0
62815 0
67251 0
34054 51084
32914 0
74985 0
87439 95400
81347 92976
57270 0
97894 146844
20406 0
58889 0
34336 0
65937 0
29098 43650
95982 0
20735 0
67867 0
64322 0
8066 0
27994 41994
24743 25080
77995 0
80472 0
42999 0
41203 0
88116 0
15462 0
40729 0
72483 0
99786 0
37364 0
4509 0
78232 0
43351 0
61458 0
87610 0
21244 0
40231 0
32616 0
9391 0
102 0
77058 0
17697 0
43189 0
65506 0
3147 4200
57772 0
50866 0
12180 0
52346 0
95222 0
81660 0
13002 0
62902 0
5614 0
3203 0
68277 0
49092 0
77695 0
75761 0
59379 79176
40045 48060
81414 0
23140 0
97693 98368
4326 0
21771 0
71185 0
37851 0
92067 122760
91105 0
76862 115296
25579 0
129 176
31330 0
57916 0
27286 0
33093 0
15342 0
47192 0
53053 0
81683 0
77483 88560
29571 39432
5059 0
94852 0
24261 32352
25621 0
32256 0
26063 26520
39815 47784
68726 0
57807 0
80216 0
29878 44820
27140 0
30113 0
75213 0
23772 0
57576 0
55377 0
37033 38340
76852 0
34900 0
25799 0
15847 0
794 1194
35660 0
67234 100854
70476 0
9556 0
45675 0
19142 0
75323 0
64714 0
30432 0
61841 0
12249 0
3085 3708
8961 0
38907 0
51147 0
27515 33024
74238 0
11062 16596
30215 36264
64317 0
6037 0
79814 0
41449 41860
13161 0
17491 0
89471 0
15985 0
23411 24024
46203 61608
12392 0
29714 0
16032 0
67704 0
58875 0
65718 0
22503 0
36515 0
8128 0
59973 79968
49007 56016
24090 0
43800 0
35941 36352
71098 0
94203 0
13707 0
13537 0
64047 0
72462 0
43108 0
39562 0
48591 0
15176 0
41314 0
65671 69552
43845 0
58508 0
80044 0
40980 0
11210 0
97816 0
20593 0
10123 10368
78924 0
16817 17136
27368 0
90843 0
8435 0
58208 0
78057 0
88123 100720
77359 0
67578 0
12372 0
11450 0
35976 0
3212 0
76939 78624
25850 0
65636 0
96130 0
95568 0
16646 0
97440 0
53741 54684
65411 66000
39977 45696
7469 0
66215 0
85107 0
89136 0
46155 0
5299 6064
23349 0
71959 72504
30436 0
76164 0
17431 0
30987 0
6864 0
83663 0
42757 0
82678 0
12071 0
67356 0
74520 0
27713 0
50071 0
80081 81252
59142 0
90753 0
69584 0
10727 11376
31760 0
31334 47004
20559 0
52473 69968
63604 0
30923 0
68873 78720
38441 41412
88857 0
10830 0
58948 0
84767 0
99362 149046
35551 36112
89589 119456
23839 24640
17780 0
24287 24600
17872 0
44910 0
12125 0
17281 18864
41587 0
14141 14400
19492 0
93915 0
48496 0
36201 0
27099 0
77090 0
33821 34944
38996 0
49411 0
37359 0
17465 0
5057 5460
85797 0
44957 0
4782 0
37236 0
46927 47376
25721 0
15098 22650
73417 0
87057 0
3282 0
47940 0
79225 0
33871 0
26730 0
35283 0
12036 0
50416 0
29039 29520
97552 0
22656 0
4225 0
77720 0
75211 0
37839 50456
60456 0
27210 0
63807 85080
28031 0
61580 0
49987 0
66105 0
34153 0
88440 0
87929 91776
489 656
92256 0
48524 0
85086 0
9848 0
126 0
32869 0
47555 57072
1216 0
8358 0
56 0
60996 0
13158 0
43536 0
50006 0
90465 0
89182 0
92616 0
4382 0
18427 0
49662 0
82782 0
91905 0
92814 0
46580 0
4337 0
81706 122562
35682 0
94982 142476
75125 0
73734 0
1005 0
60269 65760
40926 0
20134 30204
67406 101112
18882 0
34962 0
96423 128568
69001 0
77698 0
32037 0
83384 0
64228 0
20490 0
32785 0
753 1008
36153 0
49484 0
47480 0
25620 0
74618 111930
52455 0
13007 0
86702 0
38740 0
96386 144582
66980 0
6033 8048
43194 0
14446 0
62481 0
62160 0
69837 93120
27048 0
53402 80106
12789 0
7746 0
20733 27648
11381 12000
97987 0
31049 31620
24102 0
86456 0
46038 0
70302 0
94768 0
30094 0
65401 74752
2291 2400
13616 0
45775 0
73738 0
81599 93264
36143 36960
3108 0
65492 0
20534 30804
79067 83736
25623 0
2904 0
19590 0
40006 0
68228 0
36468 0
31885 0
60760 0
86382 0
54818 82230
89584 0
21427 24496
87113 93828
61379 0
56754 0
48963 0
26449 0
94777 0
31404 0
47817 0
90039 120056
86864 0
96126 0
59265 0
42459 56616
83146 0
85160 0
88563 0
42142 0
10835 0
7615 9144
10585 0
26850 0
97463 0
83346 0
34963 0
8243 0
84910 0
49811 0
39514 0
67451 69312
76774 0
86935 104328
90991 95800
3189 4256
30608 0
31012 0
2862 0
66650 0
13580 0
60163 63720
43185 0
82306 0
80968 0
58536 0
29367 0
68819 0
45158 0
28820 0
70158 0
51301 0
17014 0
10737 0
24879 33176
89392 0
49969 50544
39167 39960
8963 0
72294 0
23021 0
35788 0
19005 0
61034 91554
91569 0
53438 0
90307 0
2466 0
88055 0
23501 23904
62843 0
69515 83424
66050 0
48675 0
61571 64272
61363 0
43236 0
11392 0
54514 0
36332 0
7142 10716
48927 0
74599 85264
34797 0
56900 0
56175 0
99761 0
14458 21690
35596 0
8301 11072
34309 37440
48905 58692
7367 7560
58160 0
38600 0
87529 94276
74702 0
74364 0
3361 0
53826 0
11187 0
25422 0
68610 0
52553 0
59430 0
81483 0
59294 0
29963 0
65833 67408
4603 0
12310 0
11032 0
96753 129008
41139 0
6947 0
22812 0
38107 38880
35097 46800
48060 0
65167 0
81782 0
65936 0
58684 0
49120 0
55365 0
92775 0
54727 0
62530 0
35322 0
55336 0
50243 51360
7508 0
96229 0
59102 0
90936 0
95535 0
47664 0
71418 0
25975 0
15386 0
37892 0
31681 34132
4087 4216
98891 106512
40040 0
59425 0
20661 0
42792 0
31341 0
50771 58032
91544 0
34787 35640
81180 0
47947 0
43975 0
12186 0
67574 0
13910 0
68707 69376
11728 0
11113 0
59735 0
8303 0
87188 0
63985 0
69195 0
68822 0
47776 0
43231 45792
75273 0
4358 6540
57949 58464
95387 0
50793 67728
22345 0
72622 0
11413 11628
98950 0
58767 0
88160 0
63693 0
43223 0
24837 0
69960 0
31497 42000
95893 0
26916 0
8650 0
6755 0
47209 50004
46265 0
61451 0
99473 108528
31199 35664
97824 0
28806 0
53235 0
21271 21600
27656 0
24125 0
74079 0
70704 0
7921 0
19442 29166
43752 0
56918 0
19788 0
64652 0
8765 10524
52419 0
29273 29748
46580 0
95456 0
74752 0
94994 142494
97953 0
40183 0
48791 49392
90908 0
44932 0
17303 0
38485 0
80584 0
23635 0
79962 0
24661 0
73548 0
41740 0
64492 0
53683 61360
2397 0
69189 92256
67954 0
24691 0
48215 57864
68460 0
37822 56736
19015 22824
60867 0
56925 0
85045 0
90573 0
36952 0
13415 16104
47087 0
25320 0
54001 0
11167 12040
85783 86680
70218 0
30377 31236
16137 0
7673 0
98398 147600
13085 15708
80144 0
80950 0
35293 36540
23367 31160
85501 92092
98962 148446
98598 0
36325 0
82691 94512
36557 36960
84159 0
97146 0
23171 0
84616 0
38962 0
23168 0
25636 0
79306 0
48170 0
12060 0
12791 0
90524 0
78239 89424
32236 0
20550 0
93439 0
73469 80160
35847 0
15182 22776
26202 0
57252 0
14444 0
20689 21924
88227 0
71822 107736
63098 0
50724 0
79075 0
62311 0
94872 0
63737 0
19869 0
38484 0
13434 0
56730 0
14715 0
9946 14922
83425 0
1570 0
24717 0
58993 0
87761 0
71093 0
61496 0
66468 0
38004 0
13942 20916
47349 0
68542 0
53548 0
94804 0
33322 49986
64085 0
19279 20776
68152 0
26178 0
69474 0
89290 0
56345 0
30612 0
91612 0
90276 0
40438 60660
49311 0
43912 0
73387 0
19242 0
83403 0
73343 74448
14836 0
6657 0
93599 0
86824 0
78653 0
77207 83160
37183 0
47957 0
74735 89688
46052 0
78362 117546
77803 0
98472 0
94419 0
75269 0
17159 0
9391 0
76553 78660
70255 84312
57551 0
63345 0
43894 0
32232 0
26982 0
23713 24768
26876 0
97132 0
13188 0
29714 0
54770 0
7827 10440
4624 0
9160 0
99552 0
5884 0
91273 0
9597 0
68669 0
65006 97512
36174 0
57124 0
4993 0
24864 0
87389 90240
58403 0
83600 0
84655 101592
21837 0
31486 0
58092 0
42542 0
7877 0
58606 87912
90209 0
16276 0
97874 0
4204 0
35363 0
2537 2640
95376 0
81183 108248
14390 0
26935 32328
11112 0
14073 18768
99369 0
59286 0
51750 0
7190 0
87681 0
4218 0
46504 0
25224 0
42276 0
29968 0
33174 0
53775 0
52704 0
66407 72456
38454 0
21807 0
44599 45136
73623 0
36185 43428
26672 0
15129 0
26095 0
65395 0
70990 0
71348 0
26230 0
2835 0
15756 0
26054 0
37143 0
49852 0
4870 0
16734 0
10877 11100
17720 0
74298 0
76499 77064
48705 0
712 0
70604 0
92859 0
18371 0
48412 0
35728 0
91939 0
50590 0
16318 0
49579 50776
73376 0
87279 0
68189 74400
2411 0
24490 0
3360 0
912 0
2790 0
4285 5148
90254 135384
65176 0
46109 0
87281 0
48582 0
52965 0
96574 0
696 0
12042 0
62851 0
16081 17332
50469 67296
95132 0
94364 0
86917 90720
19499 0
25535 30648
26218 39330
26221 28252
78633 0
77350 0
27384 0
5254 0
5813 0
20381 20700
42529 43200
30550 0
14755 0
80032 0
52158 0
58653 0
99771 0
92256 0
83761 0
95362 143046
24320 0
59211 0
84305 0
23320 0
23206 0
80389 84640
14263 15120
95551 0
76432 0
86858 0
84594 0
65623 66240
38077 0
64118 96180
18136 0
33592 0
34443 0
59307 0
88616 0
10403 10608
78958 0
41635 0
68571 0
98588 0
98878 0
14058 0
31390 0
54462 0
48656 0
32536 0
96701 0
676 0
25065 0
13853 15840
99607 0
36198 0
9166 13752
23792 0
3617 0
46824 0
23805 0
85729 0
77753 83748
23589 0
77164 0
68296 0
28857 38480
71407 0
60025 0
22768 0
36853 37260
81010 0
77447 0
54493 0
48986 0
82721 0
21159 0
26526 0
37563 0
23139 0
56202 0
61301 62400
52028 0
96666 0
30497 0
61655 0
1300 0
79867 0
95839 96480
28091 32112
4785 0
23516 0
65712 0
35323 0
56597 0
90978 0
2347 0
89509 0
84804 0
2600 0
71456 0
90427 93376
37062 0
77361 0
84254 0
16893 0
2263 2368
76080 0
28648 0
37166 55752
2470 0
88072 0
28815 0
71884 0
95438 0
75777 0
41208 0
52420 0
45624 0
47945 0
74430 0
6175 0
81689 0
28919 0
8220 0
9475 0
68335 0
18836 0
55103 0
70824 0
91830 0
29720 0
24177 32240
1194 0
7885 0
89019 0
68511 0
91506 0
71387 0
46972 0
63769 65296
46290 0
57762 0
96438 0
8540 0
27523 29160
53306 0
20033 0
81554 0
30256 0
87254 130884
24604 0
69948 0
55516 0
61290 0
74848 0
75152 0
87956 0
29490 0
38044 0
61601 62100
61559 0
97449 0
81287 84120
19105 22932
42099 56136
94093 98208
2462 3696
37751 43152
25744 0
85342 0
80632 0
8358 0
90411 120552
28017 0
52789 57600
93095 0
54227 54696
80659 81760
45337 0
87446 0
35030 0
78631 0
4399 4536
92329 93184
33933 45248
38090 0
71344 0
59490 0
48796 0
24605 0
94570 0
46503 0
4352 0
64148 0
91964 0
29988 0
77567 0
97152 0
66432 0
93826 0
63242 0
3588 0
29942 0
43184 0
79920 0
81782 0
60811 0
7506 0
36388 0
88662 0
97405 0
75854 0
90549 0
69379 0
11469 15296
86547 0
23253 0
60534 0
67223 72408
13069 14944
49962 0
12692 0
23975 0
90941 91584
27390 0
83645 100380
18268 0
57543 76728
46998 0
45179 0
45367 51856
74016 0
13727 0
14022 0
52987 57816
77907 103880
80744 0
3897 0
3058 0
37394 0
64938 0
19828 0
31629 0
54996 0
47999 54864
4173 0
49127 52920
4531 4752
20032 0
97267 101520
30691 31392
23724 0
40027 43120
73506 0
35820 0
45881 0
8254 12384
11720 0
4273 0
1193 0
94557 0
67163 68640
20895 0
38082 0
66047 0
26145 0
26064 0
18029 0
42992 0
65956 0
99841 0
75005 0
14645 0
40745 0
34498 0
18616 0
63983 64680
76612 0
73701 0
10137 0
19065 0
56049 0
41694 0
61788 0
78019 79360
79112 0
23656 0
44076 0
61637 0
45120 0
98332 0
83294 124944
231 0
47538 0
10787 0
16122 0
19538 29310
89930 0
5767 5920
33813 0
85656 0
91747 95760
21241 23184
90072 0
56898 0
76394 114594
95838 0
10183 10800
52985 63588
86561 0
45314 0
10858 0
61562 92346
47812 0
74598 0
79917 0
59896 0
87194 130794
68214 0
64058 96090
72033 0
35791 40912
49496 0
49189 56224
34363 39280
36600 0
66908 0
71968 0
61550 0
69492 0
17909 0
86140 0
10895 13080
50798 0
74124 0
95063 0
80174 120264
16092 0
31394 0
4972 0
41897 0
74809 85504
51035 0
12369 0
88130 0
87269 0
58778 88170
90225 0
99742 149616
8686 0
66909 89216
53452 0
34225 0
93881 94500
33910 0
39307 41040
99667 0
82914 0
54866 0
3860 0
66601 0
96528 0
29139 0
28537 0
17136 0
1735 2088
89835 0
35379 0
68263 0
70825 0
66127 66960
15251 15504
22720 0
19707 26280
87162 0
63850 0
95066 142602
26799 35736
16616 0
63570 0
67507 0
61945 0
88289 0
46558 69840
85280 0
86929 0
27491 28272
45427 0
78361 81792
67090 0
25947 0
44542 66816
39440 0
25258 0
69252 0
63392 0
43058 64590
46706 0
16188 0
44971 0
63323 68208
41231 0
46731 0
54285 0
74890 0
60950 0
11568 0
95855 0
82985 0
56691 0
52704 0
75255 0
88388 0
9930 0
97742 146616
43409 44016
61872 0
91979 0
51547 54280
71454 0
81681 0
97700 0
46478 0
4531 4752
6971 0
29882 0
19087 0
95603 0
21598 32400
35279 0
11861 12300
90105 0
97556 0
73820 0
96424 0
12315 0
93445 0
47952 0
89209 0
66345 0
28451 29712
42663 56888
10782 0
50227 0
95189 0
61284 0
96718 0
8927 9120
80132 0
97385 116868
19683 0
20650 0
43439 0
15193 0
59767 60840
99573 132768
20891 22512
81286 0
38328 0
69804 0
1029 0
44352 0
41993 0
839 0
93100 0
35154 0
21097 0
65858 0
27328 0
96180 0
88175 0
91230 0
87831 0
12716 0
84873 0
76524 0
47946 0
12236 0
65293 0
29407 33616
94189 95040
70648 0
83444 0
36173 36828
60148 0
7598 0
20878 0
89060 0
65395 0
38989 39424
28819 0
8634 0
29327 0
6364 0
10952 0
57816 0
11602 17406
20303 20640
36687 0
16646 0
19461 0
84113 0
47925 0
31102 46656
21340 0
485 588
44507 0
79331 0
63538 95310
67617 0
13190 0
79919 0
6988 0
4529 5184
5891 6072
1604 0
84590 0
36821 0
36688 0
84908 0
48370 0
9668 0
41706 0
4239 0
33029 0
35135 42168
50925 0
75832 0
84486 0
35125 0
71714 0
91475 0
59704 0
40937 0
17930 0
44391 59192
41418 0
53883 0
94990 0
71127 0
90553 91728
54455 65352
89124 0
39138 0
37766 0
48228 0
65804 0
82908 0
26845 0
47083 47520
43912 0
27487 0
42758 64140
57918 0
27984 0
66846 0
93413 94380
11413 11628
64180 0
42171 56232
77775 0
7590 0
47971 0
35244 0
80369 0
81092 0
55535 0
92680 0
83409 111216
68109 0
40452 0
40277 0
86229 0
68428 0
27552 0
88398 0
16464 0
59587 65016
64791 0
83704 0
89779 0
5260 0
40936 0
93990 0
97454 0
70319 74040
78239 89424
85805 0
45286 67932
74980 0
79734 0
24627 32840
38450 0
75016 0
97206 0
43425 0
46320 0
39288 0
2745 0
3975 0
78568 0
4431 0
38594 0
33835 0
7197 9600
64223 0
99310 0
26962 0
82820 0
60366 0
39925 0
4687 4840
27272 0
55506 0
98533 0
71472 0
63638 0
31862 0
28858 0
42109 44604
81799 0
53441 0
44967 0
45405 0
29867 0
60080 0
39514 0
31155 0
31915 0
55643 63600
98542 0
63183 84248
17775 0
29039 29520
34246 51372
5137 5616
28566 0
19588 0
42102 0
22314 0
12425 0
46893 0
14755 0
6864 0
25847 0
93883 94528
27050 0
28765 0
40918 0
16228 0
74224 0
34977 0
78189 0
13599 0
37870 0
36433 0
20757 0
19086 0
7707 0
35603 0
91212 0
51230 0
49954 74934
70005 0
8576 0
17838 0
63249 0
34956 0
8370 0
33756 0
89091 0
79899 106536
16411 0
36964 0
22191 0
2307 3080
75820 0
28864 0
56371 64432
71524 0
98071 99144
73508 0
23891 27312
1395 0
66053 71148
67557 0
12327 0
70037 76416
95522 0
96181 0
13907 0
21755 0
84629 0
25056 0
71103 0
74071 0
1682 0
55101 73472
74038 111060
70818 0
15573 0
93833 94848
46446 0
15831 0
23921 25200
72158 0
48533 0
76809 102416
34009 34560
65454 0
64325 0
70670 0
84121 0
46981 51264
15823 0
9274 13914
25276 0
19238 28860
38900 0
74948 0
81050 0
50597 53280
21101 0
89395 0
85364 0
93638 140460
69736 0
74835 0
96402 0
78087 104120
70904 0
82883 0
73230 0
53088 0
71620 0
61761 0
16669 16960
97535 117048
64022 0
1305 0
31429 32076
31229 0
11155 0
38130 0
35565 0
80272 0
47780 0
10622 0
31788 0
33152 0
57736 0
35226 0
15032 0
60733 0
33438 0
48068 0
62243 63240
88367 89376
23347 24016
59014 0
2918 4380
47945 0
6526 0
23242 34866
27673 0
19356 0
39375 0
26996 0
14937 0
9634 14454
4751 0
48324 0
94626 0
38161 39424
71692 0
70959 0
31424 0
63528 0
66818 100230
57116 0
78169 0
14762 0
9029 0
39033 0
87901 0
12041 0
42698 0
32591 0
91541 0
94925 0
60345 0
35564 0
87847 88776
26388 0
45435 0
493 540
86252 0
14079 0
58735 0
64158 0
87002 0
79888 0
81947 0
85782 0
6629 7584
56449 59440
15251 15504
79480 0
535 648
65846 0
55896 0
12268 0
62304 0
60640 0
75362 0
29386 0
24643 25960
46511 0
98878 0
17344 0
32629 33184
51265 61524
14311 15624
62585 75108
3961 4212
85259 0
62161 67824
38243 38640
62425 0
37051 0
34448 0
44838 0
26390 0
29510 0
8553 11408
53433 0
35794 0
93873 0
87385 104868
81421 0
2046 0
25182 0
32729 34176
51163 58480
28977 0
79347 105800
66891 0
64228 0
90990 0
83232 0
72229 0
23942 35916
83893 85888
85131 0
37931 38472
21478 32220
92130 0
56035 0
56227 57240
98209 0
69141 0
55803 0
3720 0
39825 0
74854 0
34560 0
3625 0
18211 0
71443 0
97437 129920
98552 0
42177 0
33505 40212
42588 0
37639 0
76194 0
38250 0
22926 0
2542 0
97812 0
1311 0
98130 0
14221 0
20957 22080
72079 0
84964 0
6586 0
33668 0
29740 0
11659 11880
97575 0
77051 82992
30275 0
68742 0
68501 0
64557 0
53681 0
2627 2736
82665 0
66235 0
74481 0
35426 53142
26798 40200
7046 0
26926 40392
90782 0
73283 0
71890 0
44237 45696
45906 0
95652 0
50978 0
1265 0
46016 0
12977 13680
5488 0
17115 0
97766 146652
24321 0
11292 0
30464 0
50264 0
13158 0
83104 0
48502 72756
26670 0
34260 0
75067 75616
11389 13024
1277 0
93395 112080
85805 0
19948 0
94914 0
15677 15996
69144 0
23402 35106
56160 0
58416 0
21730 0
15693 20928
40015 0
3415 4104
97523 0
84787 0
4715 0
46410 0
80756 0
15296 0
44260 0
86019 0
15432 0
61223 0
86373 0
10368 0
34908 0
72164 0
56763 0
11771 12000
3815 0
57953 0
62452 0
10889 0
74724 0
83613 0
10204 0
24213 0
80137 80896
5685 0
18394 0
43990 0
49983 66648
37986 0
6885 0
55971 0
20898 0
50930 0
31863 0
72995 0
98206 147312
17011 0
40075 0
6329 0
46006 69012
70798 0
98837 0
7706 11562
61763 66528
94379 0
86412 0
10410 0
92307 0
16283 17160
90717 0
79175 0
84336 0
97271 97944
3851 0
37642 0
50441 0
43081 43792
50159 0
44798 0
95090 0
54529 56320
33126 0
68231 0
64756 0
68620 0
91815 0
65593 0
98323 0
34144 0
53709 71616
83068 0
58642 0
87482 0
99290 0
98966 0
94422 0
43829 44940
73444 0
61079 61776
66851 0
56810 0
60573 0
51388 0
15581 0
58989 0
16575 0
18038 0
95943 127928
823 0
47121 0
14560 0
88057 88740
93411 0
75089 0
56116 0
55075 0
3275 0
7880 0
84048 0
11091 14792
11546 0
87317 0
58972 0
60929 0
12603 16808
94103 94920
79214 118824
11847 0
59098 0
87048 0
56391 75192
40264 0
63651 0
45508 0
71269 0
61791 0
93569 106944
52494 0
14067 0
35737 38500
74389 85024
98005 0
26925 0
16424 0
85784 0
71314 0
27432 0
57795 0
72394 0
56115 0
47536 0
8669 0
89029 94284
6165 0
68315 0
92620 0
69477 92640
12184 0
36194 54294
54337 55216
5777 5940
81107 0
32023 33088
35099 0
22120 0
3387 4520
51889 54640
20129 0
98433 0
54166 0
29665 0
8271 0
30950 0
80650 0
69068 0
39179 0
10306 15462
49423 53928
27644 0
72116 0
74442 0
73715 0
37369 0
95285 0
34384 0
94939 0
88102 0
89831 0
81015 0
44863 0
1487 0
77835 0
40606 0
96092 0
58490 0
36733 37180
78244 0
87330 0
1852 0
51744 0
59983 0
75731 0
22376 0
96361 97092
20474 0
17103 22808
46261 0
51712 0
754 0
21091 0
46669 0
96854 0
9345 0
64238 96360
52479 0
33489 0
39520 0
49138 0
84890 0
62619 83496
84239 0
100 0
60632 0
80371 81000
81380 0
24764 0
33287 0
11472 0
35119 0
6053 0
58424 0
83689 0
821 0
62434 0
27438 0
87322 130986
95215 0
10464 0
94915 0
7557 0
97245 0
82881 0
40254 0
75932 0
27779 0
96503 0
87415 104904
1487 0
64651 68472
35718 0
51066 0
94115 0
42149 42636
26910 0
12295 14760
87684 0
96793 99088
7254 0
30076 0
14701 15004
84018 0
57567 0
40288 0
35036 0
48541 0
41172 0
66905 80292
37942 0
41562 0
79094 0
85982 0
97025 0
53640 0
4010 0
30256 0
11682 0
56308 0
26550 0
31649 0
57002 0
32757 0
85102 0
74985 0
46115 0
70688 0
32233 0
8427 0
47807 0
81521 88944
39330 0
33057 0
72824 0
24057 0
18817 19456
85365 0
21006 0
61419 0
26839 0
91036 0
66269 75744
48495 0
19545 0
47756 0
67804 0
59937 79920
1802 0
81850 0
82364 0
95483 0
19592 0
7227 0
3623 0
87187 0
21017 0
1468 0
65316 0
45256 0
9569 10944
90163 0
26818 0
41381 0
31232 0
55883 0
97198 0
70699 0
78863 83520
44235 0
42391 0
46094 0
50790 0
85948 0
4604 0
13886 0
34766 52152
19007 19320
7024 0
47535 0
9413 0
52733 0
6265 0
62395 74880
359 0
79529 80784
62653 0
94038 0
88552 0
51294 0
94312 0
91640 0
45233 0
45040 0
97048 0
30296 0
16424 0
27030 0
11617 0
76038 0
61073 61620
96170 0
88527 0
30628 0
73123 74088
5165 6204
97244 0
91509 0
80830 0
45219 60296
51017 54036
48715 58464
82806 0
23398 35100
41574 0
21517 0
45419 49560
31381 35872
42187 0
69910 0
34399 35280
35088 0
79414 0
88155 0
11419 12040
10657 0
95056 0
21464 0
16487 0
1800 0
73055 0
27684 0
68804 0
41486 62232
69815 83784
79445 95340
40129 0
62842 0
52039 56056
76036 0
84999 0
66985 80388
72558 0
51680 0
2797 0
54953 55440
29880 0
10858 0
674 1014
84505 101412
79034 0
31469 0
65716 0
18214 0
70060 0
65205 0
62980 0
645 0
15477 0
38374 0
32977 0
12775 0
7961 8400
79974 0
71584 0
12991 14184
13235 15888
91485 0
69653 0
10721 10944
24598 0
21660 0
97351 98872
68461 68992
15214 22824
83423 0
43801 0
3427 3600
21952 0
34334 51504
80136 0
78206 117312
42527 0
30186 0
82552 0
96264 0
78141 0
26836 0
9727 9936
10604 0
29140 0
45150 0
41302 0
63627 0
46685 56028
94324 0
59594 0
96957 0
94344 0
93020 0
84369 112496
54669 72896
36119 38040
75545 0
55476 0
97019 0
82522 0
1981 2272
62237 0
2660 0
74907 0
91434 0
37475 0
24606 0
88650 0
51712 0
57656 0
19616 0
33801 0
40044 0
67361 76992
32607 0
46770 0
39803 40608
16953 22608
63221 63744
13241 0
46151 0
77397 103200
89685 0
53710 0
96930 0
47234 0
26430 0
30979 33376
73762 0
38585 46308
87633 0
53133 0
50179 0
64230 0
50703 67608
76216 0
96616 0
88504 0
52297 0
22227 0
29805 0
56365 67644
32451 0
20525 0
45610 0
33234 0
52735 0
2194 3294
97406 0
15864 0
22429 24480
42682 64026
84951 0
19800 0
66757 67276
68199 0
62952 0
2088 0
61570 0
69054 0
95603 0
49529 0
96564 0
24181 0
269 0
4933 0
6913 7168
34636 0
60306 0
89110 0
88726 0
63201 84272
98441 0
8700 0
636 0
6402 0
91963 94248
19909 20416
66315 0
47534 71304
46357 46816
35330 0
18364 0
93829 94860
43361 43824
37284 0
47801 51492
98231 112272
24980 0
28389 37856
18030 0
56939 57624
74032 0
11221 0
7894 11844
32123 0
40552 0
73386 0
47044 0
84069 0
73057 74800
23839 24640
59965 0
55218 0
60365 72444
95525 0
8660 0
96268 0
24216 0
23561 0
9714 0
19608 0
14356 0
53372 0
14947 0
93960 0
81318 0
3011 0
94796 0
41075 0
53540 0
29316 0
71590 0
21682 0
16473 0
39063 0
97246 145872
22910 0
43110 0
60449 0
77774 0
2929 3060
70905 0
76347 0
81862 0
47156 0
17875 0
76207 0
46618 0
82271 0
97841 0
756 0
26092 0
97709 98400
37685 45228
39530 0
38514 0
2140 0
86661 0
13122 0
58778 88170
10816 0
27393 0
86795 104160
98593 107568
51346 77022
349 0
86825 0
13153 15040
26982 0
65986 98982
11589 15456
71906 0
87923 95928
29541 0
40811 41952
44449 0
88319 0
81058 121590
51883 0
31348 0
39895 0
89729 91476
85233 113648
94928 0
82869 0
11984 0
54438 0
45592 0
8976 0
23406 0
28021 32032
13696 0
75819 0
18881 19200
22767 30360
90831 0
57930 0
35682 0
7371 0
81272 0
56828 0
60976 0
45638 0
11471 0
54501 0
31743 0
75307 0
98600 0
51272 0
18773 0
17536 0
11992 0
83663 0
55991 0
51450 0
85187 90216
81031 0
49586 74382
99634 0
44103 0
24702 0
43528 0
14108 0
28515 0
69756 0
4304 0
62194 0
83717 0
74715 0
84912 0
55510 0
15401 0
14074 0
83970 0
32755 39312
98981 0
77657 78720
79762 0
40516 0
26165 31404
28370 0
39684 0
64624 0
58303 66640
57422 86136
39116 0
3594 0
43741 0
72637 76480
79384 0
92783 0
3336 0
30485 0
56637 0
11474 17214
53695 64440
55911 74552
21094 0
1244 0
17076 0
70387 71640
59941 68512
31531 0
35355 0
83907 0
62793 0
20731 0
83417 0
72316 0
47736 0
9843 0
83396 0
75345 0
74281 75600
77991 103992
48073 0
39439 0
79475 0
38540 0
90464 0
56942 0
93292 0
31680 0
51079 58384
25513 26368
24611 0
86751 0
32365 38844
3063 4088
45670 0
87518 131280
88813 0
6055 0
49735 0
55154 0
9123 12168
97509 130016
89676 0
37967 0
67060 0
24353 0
17233 18160
81210 0
72825 0
56054 84084
38823 51768
94634 141954
56111 61224
65038 0
16315 0
68163 90888
13113 0
1055 1272
32886 0
10508 0
45822 0
31711 33400
61041 81392
15587 0
7738 0
24703 28240
54126 0
35112 0
32599 37264
1713 2288
97596 0
10524 0
77958 0
14071 0
71396 0
61117 69856
81898 122850
69202 0
29726 0
8142 0
38849 39636
60822 0
33401 33792
63333 0
60800 0
17779 18576
7511 0
28985 0
20562 0
83757 111680
60007 62640
64530 0
34986 0
76400 0
68270 0
26442 0
92927 0
14025 0
10972 0
51137 0
9583 0
94324 0
48573 0
10220 0
19820 0
30086 0
18826 28242
74475 0
31700 0
26114 0
49381 0
62774 94164
21753 0
47024 0
94975 0
47505 0
4116 0
69425 0
77284 0
37624 0
54300 0
45971 0
99449 113664
34744 0
43760 0
14159 0
32318 0
76589 0
62747 66456
95001 126672
48942 0
75907 81760
28097 0
77060 0
10755 0
52044 0
59918 89880
4880 0
40626 0
59 0
12128 0
45622 68436
25461 0
6872 0
36977 37440
30004 0
41906 0
69096 0
49707 0
95675 0
92904 0
16099 17064
68677 78496
67742 101616
54980 0
39767 0
79604 0
56683 61848
87478 0
32172 0
95442 0
38614 0
86487 0
20007 0
25174 0
68626 102942
72651 0
16287 0
30146 45222
69068 0
13646 20472
4604 0
57738 0
99686 149532
4741 5184
1022 0
64878 0
53107 55440
70525 0
39744 0
62532 0
80107 0
219 296
77597 0
24477 0
52094 0
88386 0
34187 36216
18650 0
35765 0
79932 0
20428 0
44803 48888
32105 38532
95399 100440
74856 0
31205 0
29012 0
98951 100872
6024 0
86698 0
93501 0
60024 0
73233 0
1762 2646
6148 0
19566 0
38490 0
63371 0
84242 0
98458 0
41008 0
82998 0
81845 98220
27075 0
56677 0
70952 0
66038 0
48680 0
63001 0
48785 0
45550 0
18134 27204
5119 0
31500 0
76583 0
83846 0
84089 0
14313 0
20612 0
62331 0
78917 80460
42235 50688
72309 96416
71077 0
13826 0
66507 0
546 0
81443 85008
32325 0
55522 0
79512 0
63550 0
68057 0
96474 0
21319 0
31772 0
7510 0
97768 0
49218 0
44134 66204
93403 0
87757 88576
89005 0
58908 0
36783 0
59832 0
95677 96316
8207 8520
92903 94488
96687 0
58555 0
91151 0
27526 41292
9290 0
70186 0
82151 82992
19348 0
21712 0
94022 0
14248 0
28016 0
95874 0
3532 0
97985 117588
65353 0
73939 0
97361 0
79979 0
2525 0
96735 0
16634 24954
24782 37176
67796 0
68508 0
61958 0
61422 0
74591 81384
9656 0
63575 0
40198 0
47471 48792
2925 0
53157 0
29735 0
37160 0
38740 0
55107 0
54307 59256
89560 0
86146 0
64633 0
29353 29700
49888 0
29195 35040
59983 0
24034 0
31217 0
35421 47232
30519 0
57470 0
98956 0
83856 0
49191 0
19153 19440
44231 48264
86333 0
32457 0
91321 0
84615 0
76707 0
47478 0
19441 0
8326 0
85503 0
64049 67440
84308 0
48791 49392
16986 0
36952 0
77276 0
20202 0
23519 24360
7531 7992
16153 16740
60487 69136
87928 0
93935 112728
49108 0
30472 0
5568 0
23035 0
65527 0
90890 0
43419 0
69008 0
34619 37296
3482 5226
27080 0
70920 0
30379 32184
62140 0
40595 0
99983 107688
10148 0
74672 0
37486 56232
30623 31008
52833 0
28518 0
19972 0
99167 100056
77205 0
24470 0
56773 0
15068 0
22757 26016
93746 0
13897 14980
58500 0
16267 0
89845 0
12609 0
97942 0
64904 0
38468 0
92308 0
80954 0
41071 41752
80612 0
74059 76480
7267 0
74596 0
9130 0
89709 0
35714 0
63399 0
10820 0
72123 0
98481 0
39380 0
32372 0
23793 0
50516 0
32788 0
32318 0
31495 37800
57850 0
44800 0
64766 0
41976 0
75606 0
77551 0
70790 0
18181 0
38833 0
54383 0
75641 0
5744 0
61046 0
7934 11904
67747 69616
46939 47656
19412 0
93119 0
49821 66432
59628 0
98901 0
62005 74412
78155 0
35845 0
64247 65856
81850 0
6579 0
72839 0
44457 0
13905 0
62216 0
92753 0
84726 0
50403 0
21891 29192
33320 0
32480 0
71355 0
22243 0
87059 99504
19526 0
91394 137094
50091 0
50567 55176
53705 0
35685 0
25359 0
31884 0
74470 0
65890 0
80513 0
29369 30096
29490 0
75834 0
86191 0
5657 0
35192 0
2536 0
64403 0
74785 89748
40781 43932
51114 0
70214 105324
74025 0
50236 0
67403 77040
85058 0
90605 108732
58341 77792
88683 0
42649 0
51966 0
14262 0
80684 0
54376 0
39120 0
81232 0
90689 94656
53414 0
13723 0
81435 0
56498 0
49540 0
85492 0
86052 0
40185 0
64001 0
61069 61596
7368 0
87828 0
42991 46312
14294 0
32450 0
8964 0
82144 0
4780 0
66301 0
58231 0
32826 0
73297 0
93693 124928
50134 0
69256 0
21454 0
52263 0
76571 83544
1170 0
94070 0
95737 0
53572 0
40459 0
28661 0
28784 0
49980 0
74685 0
19842 0
92682 0
22480 0
26805 0
42534 0
72493 0
68172 0
94873 0
61348 0
32648 0
22153 0
19651 20152
48678 0
93211 98712
10413 0
48886 73332
55262 82896
16645 19980
88863 0
95772 0
97848 0
81838 0
58249 60160
55381 0
38550 0
90088 0
59112 0
94834 142254
44661 59552
1507 1656
42634 63954
21394 0
46769 0
57390 0
67883 0
36455 0
31371 41832
73286 109932
68497 0
60097 63280
53827 56680
10977 14640
73743 0
79904 0
45609 0
86926 0
87242 0
86336 0
70297 0
25064 0
28867 0
44655 0
1558 0
41937 0
87256 0
96814 145224
4403 0
26513 0
19944 0
83876 0
91453 0
57615 0
72592 0
38875 0
6829 0
29346 0
86862 0
1656 0
45467 47880
66814 0
43422 0
48552 0
48097 54976
25707 0
51875 0
71863 0
83301 111072
49341 65792
35866 0
76264 0
99538 0
79626 0
81350 0
54463 55080
26985 0
3928 0
73352 0
83186 124782
70773 0
4810 0
44686 67032
71055 0
24257 24576
34204 0
19283 21048
17321 0
90911 0
7512 0
23007 30680
53720 0
1365 0
58778 88170
36241 0
62255 74712
80573 81180
38061 0
67666 0
763 880
16269 0
7946 0
85104 0
45718 68580
56665 0
49421 50172
55667 0
89616 0
47413 50220
66882 0
278 420
91889 105024
29477 33696
9286 13932
60343 0
15207 0
51292 0
47394 0
91651 104752
78069 0
71323 0
68718 0
57154 0
7154 0
397 0
88905 0
73732 0
87849 0
57106 0
45763 0
56061 0
71066 106602
48775 0
25437 0
70273 80320
83483 86208
6420 0
7198 0
94310 0
67861 68800
94091 96672
67031 70992
57700 0
27480 0
43466 0
78385 0
80468 0
56645 67980
1949 0
10394 15594
15908 0
62519 63240
16356 0
54638 0
1896 0
75487 0
54833 0
54131 0
88517 0
33652 0
96987 0
67447 0
30063 0
11732 0
12412 0
52774 79164
24376 0
22976 0
59385 0
62207 0
20331 0
26150 0
45607 46440
71482 0
97497 0
19880 0
3698 0
71477 81696
1022 0
53618 0
26138 0
52421 0
80946 0
47244 0
59042 0
33273 0
69468 0
14218 21330
73577 0
87837 0
1960 0
68478 0
21455 0
97546 0
77426 116142
81342 0
15416 0
23908 0
30765 0
44826 0
2819 0
27531 0
6465 0
47772 0
10830 0
1802 0
97895 0
99851 103104
27050 0
67342 0
35494 53244
78328 0
54922 0
554 834
82887 0
74536 0
3145 0
14789 15456
1664 0
5983 6208
25584 0
20307 0
74795 0
34168 0
64570 0
97326 0
21304 0
51883 0
65988 0
9322 0
93793 107200
39396 0
8240 0
70996 0
63126 0
78557 83196
95568 0
74043 0
80471 0
52333 53280
44184 0
33268 0
8320 0
32627 0
30508 0
55763 0
74439 0
83023 0
35798 0
60459 0
43772 0
4495 0
9185 0
56056 0
3563 4080
41969 0
87098 0
59117 61056
61769 65040
89424 0
92700 0
1525 0
85845 0
67498 101250
32259 43016
86774 0
91295 0
39507 0
65158 97740
29394 0
72484 0
98363 0
7718 0
11957 13056
11342 0
46546 0
5695 0
76764 0
50240 0
41757 0
37825 0
9511 0
75856 0
63193 68068
24580 0
65447 0
64810 0
15552 0
50247 0
25811 26352
34641 0
37973 0
64250 0
40259 40704
46753 53440
22080 0
83322 0
53143 55960
78036 0
86302 129456
32249 0
54348 0
54139 0
52751 0
37872 0
54604 0
22665 0
1431 0
37380 0
98554 147834
58045 0
90644 0
37035 0
42038 63060
63795 0
13830 0
3973 4140
9888 0
96248 0
59533 61180
46808 0
38999 39720
5277 7040
84387 0
94941 0
35793 0
19992 0
8162 0
61174 0
4806 0
61230 0
78832 0
52163 0
4249 4864
43549 0
10488 0
29057 0
28677 0
25726 0
11406 0
42748 0
50296 0
7033 7588
37620 0
90176 0
59338 89010
47212 0
17658 0
7164 0
39396 0
28829 29184
17586 0
14258 21390
51532 0
41971 0
87135 0
49414 0
75643 76840
48056 0
19331 20832
25854 0
16900 0
92787 0
39687 52920
53215 0
68737 0
54940 0
1538 2310
73730 0
87757 88576
95897 101556
19731 26312
86628 0
32135 38568
36006 0
51693 68928
67673 0
97975 0
71940 0
32857 0
20187 0
23475 0
30108 0
98491 0
64684 0
83213 0
73044 0
5950 0
71773 77308
3759 0
93637 0
20696 0
35166 0
5474 0
56162 84246
70458 0
56029 57376
50122 0
20778 0
41423 43248
96096 0
27757 28476
47242 0
78436 0
92204 0
64011 0
2826 0
14546 0
73260 0
15900 0
7863 10488
60680 0
28377 0
29461 31212
31686 0
75044 0
66954 0
65184 0
34448 0
75855 0
18188 0
46168 0
76560 0
42263 45528
10482 0
80803 0
63652 0
8873 9360
43826 0
8218 0
14676 0
31076 0
82313 0
17469 0
99613 0
99039 132056
32952 0
38053 0
46175 0
54808 0
25940 0
13505 0
67739 77424
19610 0
35233 38448
92455 0
87960 0
56533 0
17957 0
15981 0
9157 0
6405 0
87248 0
15659 17904
69026 103542
37586 56382
77353 78208
58996 0
11369 0
77188 0
12936 0
39482 0
75524 0
22041 0
34295 0
49070 0
21444 0
843 1128
70175 0
79052 0
13925 0
39668 0
31594 47394
9407 9840
874 0
11071 0
26951 0
34361 0
33283 33768
20829 0
42049 48064
5512 0
33150 0
54081 0
54063 0
23870 0
4118 0
72339 96456
44065 0
85071 0
48703 49248
83281 0
26651 27600
53006 0
22590 0
55672 0
60232 0
62440 0
32704 0
11711 0
35407 0
29245 35100
84080 0
85870 0
78009 104016
36025 0
42696 0
1894 2844
79898 0
17991 0
44727 0
55078 82620
5042 7566
64049 67440
80802 0
66577 76096
42511 48592
32043 0
98661 131552
80635 96768
70653 0
80082 0
37293 0
27679 28080
80049 106736
22973 0
83217 110960
99811 100624
90499 0
31267 0
35478 0
53521 0
31897 32256
65726 0
63399 0
94823 0
60833 61440
88378 132570
63925 0
26568 0
46072 0
5024 0
86211 0
94333 0
38653 0
72366 0
20432 0
82360 0
92436 0
82814 0
83162 0
53126 0
59500 0
99274 0
42092 0
58399 63720
65966 98952
74758 112140
14567 16656
4428 0
54397 0
28696 0
39704 0
99032 0
15460 0
41680 0
65585 0
25244 0
62879 63384
26811 0
52885 0
36867 49160
49698 0
28103 28440
29885 0
7040 0
62033 0
70159 74304
17836 0
52715 0
96165 0
35657 36036
12604 0
35306 0
45566 68352
94776 0
65064 0
99116 0
15801 0
38104 0
34823 35280
29792 0
21788 0
46434 0
74464 0
74071 0
59602 0
99857 101556
57040 0
98461 107424
9882 0
3851 0
7456 0
20861 21792
15242 22866
67952 0
58353 0
83014 124524
6055 0
92921 0
34682 52026
9615 0
86675 0
58150 0
12516 0
74609 0
92303 92928
41819 0
71087 72216
6850 0
27373 28288
84685 101628
95556 0
48466 0
28348 0
79411 0
87942 0
7569 0
4664 0
36780 0
77739 103656
75633 0
43630 0
38331 0
68718 0
35310 0
4037 4416
57911 66192
87605 0
76733 0
95046 0
23756 0
72148 0
14380 0
87805 0
10307 11256
58439 0
34996 0
69129 0
32397 43200
77653 0
66900 0
95969 101040
10367 11856
87555 0
75922 0
61089 0
95791 0
32453 0
80742 0
17596 0
32093 32640
74342 111516
27969 37296
51711 0
57356 0
54815 0
15485 0
11745 0
36733 37180
17769 23696
6939 0
thread 'test4' panicked at 'assertion failed: `(left == right)`
  left: `134716980`,
 right: `134808184`', tests/tests.rs:795:5
note: run with `RUST_BACKTRACE=1` environment variable to display a backtrace.


failures:
    test4

test result: FAILED. 3 passed; 1 failed; 0 ignored; 0 measured; 0 filtered out

